42.0228 -1044.51
42.2219 -896.916
42.421 -1103.57
42.6201 -1064.24
42.8193 -1152.58
43.0184 -917.056
43.2175 -1368.55
43.4166 -1300.36
43.6158 -955.235
43.8149 -1223.21
44.014 -1242.5
44.2131 -1571.45
44.4123 -2315.8
44.6114 -3039.92
44.8105 -4134.06
45.0096 -6964.28
45.2087 -9834.14
45.4079 -13907.9
45.607 -16990.5
45.8061 -22724.8
46.0052 -27194.6
46.2044 -30234
46.4035 -30880.8
46.6026 -31300.1
46.8017 -27818.6
47.0009 -27299.1
47.2 -21830.9
47.3991 -16729.9
47.5982 -13066.7
47.7974 -9403.47
47.9965 -6106.64
48.1956 -4183.93
48.3947 -2570.69
48.5939 -1415.68
48.793 -592.217
48.9921 -288.156
49.1912 -237.463
49.3903 -178.674
49.5895 -110.836
49.7886 -123.007
49.9877 -45.785
69.9001 -51.1265
70.0992 -39.9653
70.2984 -56.7182
70.4975 -28.8492
70.6966 -67.8588
70.8957 -84.5424
71.0948 -34.485
71.294 -62.2768
71.4931 -28.976
71.6922 -73.356
71.8913 -51.1833
72.0905 -62.2569
72.2896 -51.1922
72.4887 -23.5716
72.6878 -29.1185
72.887 -84.2998
73.0861 -78.7669
73.2852 -34.6833
73.4843 -23.6838
73.6835 -84.2297
73.8826 -34.7128
74.0817 -89.705
74.2808 -51.2169
74.48 -51.2181
74.6791 -7.27483
74.8782 -51.2196
75.0773 -73.1895
75.2764 -73.1994
75.4756 -51.2135
75.6747 -40.1809
75.8738 -78.8328
76.0729 -67.8164
76.2721 -73.4242
76.4712 -84.6566
76.6703 -39.8931
76.8694 -45.4721
77.0686 -17.3833
77.2677 -51.0978
77.4668 -62.3053
77.6659 -51.1561
77.8651 -62.2562
78.0642 -84.2157
78.2633 -51.2317
78.4624 -56.6763
78.6616 -67.4711
78.8607 -99.7321
79.0598 -88.8298
79.2589 -72.6578
79.458 -40.5304
79.6572 -88.5847
79.8563 -56.5452
80.0554 -56.5344
80.2545 -51.2061
80.4537 -67.1385
80.6528 -61.8104
80.8519 -24.6883
81.051 -35.3021
81.2502 -30.0245
81.4493 -35.3257
81.6484 -51.1718
81.8475 -45.8935
82.0467 -61.6935
82.2458 -19.5874
82.4449 -35.3812
82.644 -72.1384
82.8432 -30.1583
83.0423 -14.4602
83.2414 -4.02887
83.4405 -45.8843
83.6396 -45.8822
83.8388 -35.4495
84.0379 -66.7174
84.237 -30.2596
84.4361 -14.6664
84.6353 -35.4755
84.8344 -45.8701
85.0335 -92.615
85.2326 -9.52395
85.4318 -71.8057
85.6309 -51.0395
85.83 -25.1958
86.0291 -40.6886
86.2283 -20.3084
86.4274 -70.8869
86.6265 -50.5411
86.8256 -16.0605
87.0248 -16.3194
87.2239 -21.2597
87.423 -21.335
87.6221 -44.7432
87.8212 -35.406
88.0204 -30.7377
88.2195 -30.7517
88.4186 -30.7514
88.6177 -30.7344
88.8169 -30.7061
89.016 -15.7866
89.2151 -55.5925
89.4142 -55.6564
89.6134 -35.6317
89.8125 -15.5597
90.0116 -70.7503
90.2107 -10.5631
90.4099 -35.6331
90.609 -20.6245
90.8081 -50.627
91.0072 -5.69179
91.2064 -55.5742
91.4055 -40.6153
91.6046 -25.6956
91.8037 -15.7799
92.0029 -40.5951
92.202 -45.5388
237.164 -16.142
237.363 0.632446
237.562 -6.0735
237.762 -2.73385
237.961 -9.41291
238.16 -6.07846
238.359 -9.4053
238.558 -12.7215
238.757 3.86232
238.956 -16.0144
239.155 -6.08477
239.354 0.519695
239.554 -15.988
239.753 -15.9888
239.952 3.82769
240.151 -9.39489
240.35 -6.08059
240.549 0.60275
240.748 -6.0689
240.947 -2.67571
241.147 -12.8651
241.346 -30.0583
241.545 -2.574
241.744 0.907266
241.943 -6.01557
242.142 -19.8497
242.341 -19.7909
242.54 0.78318
242.74 -9.44226
242.939 3.96635
243.138 3.84798
243.337 0.462507
243.536 0.398072
243.735 -12.5338
243.934 -2.89547
244.133 -18.8179
244.333 -2.92335
244.532 -12.4035
244.731 3.35582
244.93 -9.22706
245.129 -12.3521
245.328 -9.21085
245.527 -9.20316
245.726 3.26257
245.926 3.24593
246.125 3.22942
246.324 -2.97966
246.523 -2.98389
246.722 -15.3247
246.921 -12.2263
272.409 -1.58058
272.608 2.66412
272.807 4.16352
273.006 2.73055
273.206 1.23754
273.405 1.24234
273.604 -0.338034
273.803 2.87015
274.002 1.26239
274.201 -3.75558
274.4 -3.84221
274.599 -2.19258
274.799 1.31265
274.998 -2.33444
275.197 1.36955
275.396 -2.5282
275.595 3.55237
275.794 3.75918
275.993 4.01447
276.192 -2.98066
276.392 7.21615
276.591 4.99644
276.79 -17.1142
276.989 -5.96874
277.188 -11.9154
277.387 -3.04546
277.586 -3.04727
277.785 -6.00322
277.985 -3.07782
278.184 -0.283052
278.383 -5.80643
278.582 -0.440092
278.781 -3.04219
278.98 1.9519
279.179 -0.550064
279.378 1.83107
279.578 -5.31442
279.777 -2.936
279.976 -2.93792
280.175 4.19018
280.374 6.61285
280.573 1.85051
280.772 -2.97633
280.971 -0.544369
281.171 -17.7679
281.37 1.95117
281.569 6.97471
281.768 -5.54397
281.967 -10.6395
282.166 -3.04363
282.365 2.08967
290.33 -0.327323
290.529 -5.83853
290.728 -3.08891
290.928 5.07256
291.127 2.32524
291.326 -5.77482
291.525 -8.43415
291.724 -3.07833
291.923 -0.427464
292.122 2.19593
292.321 -0.447109
292.521 -10.8927
292.72 -3.06162
292.919 -5.65573
293.118 4.72866
293.317 2.14497
293.516 -8.3068
293.715 -5.7185
293.914 -8.43555
294.114 2.34482
294.313 -3.09013
294.512 -5.88679
294.711 2.57208
294.91 -17.3364
295.109 -5.93918
295.308 5.44544
295.507 2.53747
295.707 -8.62184
295.906 2.32344
296.105 -0.437654
296.304 -5.6047
296.503 1.95626
296.702 -2.96825
296.901 1.77516
297.1 -9.76087
297.3 3.90564
297.499 -5.00952
297.698 -0.591352
297.897 1.55868
298.096 -0.587688
298.295 1.51633
298.494 -2.66119
298.693 3.5399
298.893 1.46491
299.092 -0.568141
299.291 -6.55258
299.49 5.37115
299.689 -2.50398
299.888 1.3917
300.087 1.37845
347.08 -2.62719
347.28 -2.6161
347.479 5.52677
347.678 -2.59361
347.877 -6.6123
348.076 -0.565218
348.275 -0.563092
348.474 1.4315
348.673 5.41044
348.873 -2.55548
349.072 1.44185
349.271 -2.60947
349.47 1.50602
349.669 -2.76373
349.868 6.29589
350.067 1.91514
350.266 -3.07646
350.466 2.68213
350.665 -9.20399
350.864 -12.7895
351.063 -2.33723
351.262 -9.44585
351.461 -17.1625
351.66 -5.17145
351.859 -29.4526
352.059 -41.5801
352.258 -9.23894
352.457 -9.37557
352.656 1.60448
352.855 -16.4537
353.054 -2.85254
353.253 -3.04506
353.452 -0.366913
353.652 6.89179
353.851 -7.35779
354.05 1.49468
354.249 -0.542222
354.448 1.33429
354.647 1.30134
354.846 1.28246
355.045 1.27121
355.245 -2.0381
355.444 -2.00677
355.643 -0.362772
355.842 4.46232
356.041 -0.343323
356.24 -0.333972
356.439 1.24467
356.638 4.35761
356.838 -1.85118
578.263 1.49564
578.462 1.49569
578.662 2.07678
578.861 1.496
579.06 2.07655
579.259 3.23383
579.458 2.0756
579.657 2.07442
579.856 2.63534
580.055 1.52051
580.255 2.06294
580.454 1.56951
580.653 2.04237
580.852 2.0278
581.051 1.78194
581.25 1.91326
581.449 2.00166
581.648 1.47607
581.848 2.53392
582.047 2.80201
582.246 3.07974
582.445 0.257587
582.644 2.41588
582.843 1.23498
583.042 1.22979
583.241 3.88336
583.441 2.52397
583.64 1.24189
583.839 2.36295
584.038 1.31915
584.237 0.640974
584.436 0.95695
584.635 0.946096
584.834 1.8408
585.033 2.01374
585.233 2.17576
585.432 1.72601
585.631 1.64502
585.83 2.50916
586.029 2.05924
586.228 1.5283
586.427 2.07081
586.626 1.50549
586.826 2.07511
587.025 1.49819
587.224 2.07642
587.423 2.07664
587.622 1.49587
587.821 1.49573
588.02 1.49566
604.349 4.20635
604.548 1.21492
604.747 1.21528
604.946 1.21607
605.145 1.21775
605.344 1.22119
605.543 1.22794
605.742 2.19565
605.941 2.18181
606.141 2.15925
606.34 2.12568
606.539 2.0817
606.738 2.80331
606.937 1.90066
607.136 2.25609
607.335 2.11012
607.534 2.32487
607.734 2.68611
607.933 5.05613
608.132 -0.591211
608.331 -3.04099
608.53 -5.90754
608.729 -3.01783
608.928 -9.28582
609.127 0.483413
609.327 -16.0302
609.526 -6.08941
609.725 -6.09283
609.924 -3.0249
610.123 -0.286773
610.322 -5.55818
610.521 -0.591671
610.72 -2.32673
610.92 2.65901
611.119 1.29196
611.318 0.890987
611.517 1.79233
611.716 1.88469
611.915 2.43395
612.114 1.47495
612.313 1.36832
612.513 1.30215
612.712 2.18249
612.911 1.2401
613.11 2.20374
613.309 1.22106
613.508 2.21007
613.707 1.21605
613.906 1.21527
614.106 3.2088
614.305 2.21196
656.718 2.10407
656.917 2.11794
657.116 1.87624
657.315 2.00481
657.515 1.85349
657.714 1.84428
657.913 2.17561
658.112 1.83774
658.311 1.84668
658.51 2.13785
658.709 2.0017
658.908 2
659.108 1.87547
659.307 1.71902
659.506 2.60985
659.705 2.98741
659.904 1.26555
660.103 -0.191261
660.302 -2.17407
660.501 3.48555
660.701 -0.584585
660.9 2.00964
661.099 -3.08482
661.298 5.38541
661.497 -3.07486
661.696 -8.89159
661.895 -8.816
662.094 2.44498
662.294 -10.9048
662.493 4.2569
662.692 -4.90118
662.891 -2.37951
663.09 -0.308586
663.289 1.24054
663.488 3.13871
663.687 1.49459
663.887 2.39515
664.086 2.17954
664.285 2.04517
664.484 2.02879
664.683 1.93892
664.882 2.00129
665.081 2.14936
665.28 2.08084
665.48 1.90632
665.679 2.13246
665.878 1.82948
666.077 1.76984
666.276 2.02497
666.475 1.62574
666.674 1.55046
666.873 2.08272
667.073 2.80276
667.272 1.35543
667.471 2.15809
667.67 4.0103
667.869 1.23249
668.068 1.20519
668.267 4.3353
668.466 1.16342
668.666 1.14668
668.865 2.27066
669.064 1.11748
669.263 1.10402
669.462 1.09093
669.661 2.31404
669.86 2.32511
670.059 1.05256
670.259 1.03987
1115.3 0.904106
1115.5 2.49163
1115.7 2.49089
1115.9 0.906176
1116.1 2.48706
1116.3 0.91177
1116.5 2.47568
1116.69 2.46421
1116.89 2.44648
1117.09 0.967097
1117.29 1.00268
1117.49 2.33519
1117.69 2.27556
1117.89 1.22117
1118.09 2.13809
1118.29 1.50212
1118.49 2.0267
1118.69 2.09458
1118.88 2.00558
1119.08 2.41167
1119.28 0.353733
1119.48 2.16304
1119.68 1.33657
1119.88 1.29531
1120.08 2.34634
1120.28 0.171132
1120.48 1.27244
1120.68 2.30988
1120.88 1.32855
1121.07 1.39331
1121.27 2.71226
1121.47 2.45276
1121.67 2.19317
1121.87 1.9469
1122.07 2.02101
1122.27 1.5305
1122.47 3.64263
1122.67 2.19623
1122.87 1.13947
1123.07 1.06448
1123.27 2.37612
1123.46 0.972375
1123.66 0.946725
1123.86 2.46154
1124.06 0.919239
1124.26 0.912671
1124.46 4.06407
1124.66 0.906485
1124.86 0.905214
1125.06 0.904521
1125.26 0.904156
1150.35 0.55521
1150.55 5.68018
1150.74 3.11681
1150.94 0.556468
1151.14 0.557651
1151.34 3.10682
1151.54 0.562941
1151.74 0.568172
1151.94 0.57624
1152.14 0.588295
1152.34 0.605734
1152.54 0.630154
1152.74 0.663224
1152.93 2.78765
1153.13 0.761187
1153.33 0.827791
1153.53 0.905863
1153.73 2.39262
1153.93 2.30536
1154.13 1.18525
1154.33 1.27911
1154.53 1.36381
1154.73 1.4333
1154.93 2.68059
1155.13 2.07314
1155.32 2.0738
1155.52 2.69055
1155.72 1.42411
1155.92 1.35202
1156.12 2.18078
1156.32 2.24156
1156.52 1.0742
1156.72 2.40622
1156.92 0.893976
1157.12 0.817587
1157.32 4.66132
1157.51 0.699833
1157.71 2.88114
1157.91 0.626395
1158.11 0.603059
1158.31 0.586455
1158.51 0.575018
1158.71 0.567387
1158.91 0.562453
1159.11 0.55936
1159.31 0.55748
1159.51 0.556371
1159.7 3.11695
1159.9 3.11787
1160.1 0.555196
1168.27 0.762705
1168.47 0.763289
1168.67 0.764382
1168.86 2.68485
1169.06 0.769872
1169.26 2.66971
1169.46 0.785807
1169.66 0.801809
1169.86 2.59352
1170.06 2.54197
1170.26 0.919818
1170.46 0.99825
1170.66 1.1059
1170.86 2.19073
1171.05 1.43202
1171.25 1.65873
1171.45 2.00129
1171.65 2.23876
1171.85 1.0533
1172.05 2.16826
1172.25 2.29515
1172.45 2.43508
1172.65 -1.45358
1172.85 1.22948
1173.05 -1.79399
1173.25 -0.295275
1173.44 1.23482
1173.64 1.22857
1173.84 3.86421
1174.04 1.25255
1174.24 3.23046
1174.44 2.14876
1174.64 1.59638
1174.84 2.0079
1175.04 2.12751
1175.24 1.61736
1175.44 2.11402
1175.63 2.20698
1175.83 2.30722
1176.03 2.40274
1176.23 0.90966
1176.43 2.55112
1176.63 0.822223
1176.83 2.63422
1177.03 0.784019
1177.23 0.774796
1177.43 0.769254
1177.63 2.6854
1177.83 2.68835
1178.02 2.68998
1178.22 0.762655
1275.99 2.64717
1276.19 4.5042
1276.39 0.790208
1276.59 2.64771
1276.79 2.64822
1276.99 0.789136
1277.19 2.65044
1277.39 0.786822
1277.59 0.784652
1277.79 0.781424
1277.98 0.776768
1278.18 4.58698
1278.38 0.761432
1278.58 2.7119
1278.78 2.73679
1278.98 0.717144
1279.18 2.80743
1279.38 0.671545
1279.58 0.644986
1279.78 0.617203
1279.98 0.589574
1280.17 0.5637
1280.37 0.541263
1280.57 3.20325
1280.77 0.512755
1280.97 0.508846
1281.17 0.512428
1281.37 0.523216
1281.57 5.77497
1281.77 0.562602
1281.97 0.588338
1282.17 2.97154
1282.37 0.643679
1282.56 0.670294
1282.76 0.694676
1282.96 0.716123
1283.16 2.73829
1283.36 0.74913
1283.56 2.69378
1283.76 0.769803
1283.96 0.776426
1284.16 0.781174
1284.36 0.784474
1284.56 0.7867
1284.75 0.788157
1284.95 0.789082
1285.15 2.64827
1285.35 0.789996
1285.55 0.790195
1285.75 0.790308
1285.95 0.790371
1327.57 0.179427
1327.77 0.180816
1327.96 0.183299
1328.16 0.187615
1328.36 4.85165
1328.56 0.206887
1328.76 4.58673
1328.96 0.255629
1329.16 0.300228
1329.36 0.3654
1329.56 0.457812
1329.76 0.5849
1329.96 2.70452
1330.15 0.972996
1330.35 3.13846
1330.55 1.57591
1330.75 2.04088
1330.95 2.03378
1331.15 0.00996454
1331.35 3.32994
1331.55 2.51374
1331.75 -0.260195
1331.95 2.92212
1332.15 -0.463716
1332.35 3.16651
1332.54 -0.50332
1332.74 4.93197
1332.94 1.28487
1333.14 2.82262
1333.34 -1.54725
1333.54 3.55268
1333.74 0.490228
1333.94 1.01626
1334.14 2.15969
1334.34 2.28063
1334.54 3.55003
1334.73 1.09718
1334.93 0.853203
1335.13 0.661155
1335.33 0.514787
1335.53 0.406682
1335.73 0.329252
1335.93 0.275439
1336.13 0.239133
1336.33 0.215344
1336.53 0.200202
1336.73 0.190835
1336.93 0.185203
1337.12 0.181911
1337.32 0.18004
1456 0.315919
1456.2 0.322805
1456.4 0.334592
1456.6 0.354229
1456.8 3.67586
1457 0.43628
1457.2 0.51333
1457.4 0.628297
1457.59 0.795058
1457.79 1.03012
1457.99 2.13516
1458.19 2.24657
1458.39 2.02471
1458.59 0.547168
1458.79 2.54199
1458.99 -0.459926
1459.19 -0.591254
1459.39 4.58373
1459.59 -11.6706
1459.78 3.32871
1459.98 -2.7
1460.18 -16.5922
1460.38 -20.5221
1460.58 -16.9747
1460.78 -9.43138
1460.98 -1.87972
1461.18 -5.75676
1461.38 -9.50044
1461.58 -16.3605
1461.78 3.61109
1461.97 -11.9821
1462.17 2.2695
1462.37 -2.90522
1462.57 -2.47502
1462.77 -0.264916
1462.97 1.28855
1463.17 2.59451
1463.37 2.00003
1463.57 1.51382
1463.77 1.15143
1463.97 2.51771
1464.17 0.69075
1464.36 0.556278
1464.56 0.465005
1464.76 0.404755
1464.96 0.366065
1465.16 0.341888
1465.36 3.94795
1465.56 0.318477
1465.76 4.01993
1759.67 0.00398715
1759.86 0.00680882
1760.06 0.0113698
1760.26 0.0185639
1760.46 0.0296342
1760.66 0.0462505
1760.86 0.0705723
1761.06 0.10528
1761.26 0.153549
1761.46 0.218948
1761.66 0.305231
1761.86 0.416017
1762.05 0.554358
1762.25 0.722217
1762.45 2.47316
1762.65 3.37453
1762.85 1.39479
1763.05 2.03259
1763.25 2.00117
1763.45 2.19886
1763.65 2.04345
1763.85 2.08989
1764.05 2.13575
1764.24 1.39796
1764.44 1.38088
1764.64 0.593461
1764.84 2.15391
1765.04 1.47768
1765.24 2.06455
1765.44 2.02295
1765.64 2.05936
1765.84 2.01203
1766.04 2.06925
1766.24 2.18343
1766.44 2.36304
1766.63 0.81272
1766.83 0.630815
1767.03 3.3382
1767.23 0.35527
1767.43 0.257786
1767.63 0.182898
1767.83 0.126886
1768.03 0.0860746
1768.23 0.0570947
1768.43 0.0370324
1768.63 0.0234877
1768.82 0.0145674
1769.02 0.00883542
1769.22 0.00524092
1769.42 0.00304078
2609.53 0.0656272
2609.72 0.0703445
2609.92 0.0772514
2610.12 0.0871693
2610.32 0.101135
2610.52 0.120414
2610.72 0.146503
2610.92 0.181098
2611.12 0.226042
2611.32 8.1019
2611.52 0.354443
2611.72 0.441238
2611.92 5.74751
2612.11 2.86695
2612.31 0.802107
2612.51 0.953968
2612.71 1.11792
2612.91 2.16706
2613.11 1.46478
2613.31 2.43901
2613.51 1.79799
2613.71 1.94262
2613.91 1.93834
2614.11 2.00573
2614.3 2.21261
2614.5 1.79221
2614.7 1.80637
2614.9 2.16035
2615.1 2.07111
2615.3 2.00058
2615.5 2.00975
2615.7 2.03508
2615.9 2.08313
2616.1 1.30269
2616.3 1.13044
2616.49 0.965893
2616.69 2.6131
2616.89 0.675152
2617.09 0.553526
2617.29 6.42543
2617.49 0.360909
2617.69 0.288576
2617.89 0.230383
2618.09 0.184549
2618.29 0.149191
2618.49 0.122467
2618.69 0.102673
2618.88 0.0882996
2619.08 0.0780661
2619.28 0.0709208
2619.48 0.0660272
