am241  am241  26.3446 1.886351e-03 1.174274e-04 1.174274e-04 3.868364e+04 5.802546e+02 5.819401e+02 5.801321e+02 2.270000e-02 1.200000e-03 1.656440e+00 1.031152e-01
am241  am241  59.5409 3.544750e-03 4.179479e-05 4.179479e-05 3.868364e+04 5.802546e+02 5.819401e+02 5.801321e+02 3.590000e-01 4.000000e-03 4.922745e+01 5.804220e-01
ba133  ba133  53.1622 3.480053e-03 7.327677e-05 7.327677e-05 3.474670e+04 5.212005e+02 5.236548e+02 5.194880e+02 2.140000e-02 3.000000e-04 2.587696e+00 5.448710e-02
ba133  ba133  79.6142 5.522317e-03 2.857565e-04 2.857565e-04 3.474670e+04 5.212005e+02 5.236548e+02 5.194880e+02 2.650000e-02 5.000000e-04 5.084881e+00 2.631210e-01
ba133  ba133  80.9979 3.693190e-03 2.352429e-05 2.352429e-05 3.474670e+04 5.212005e+02 5.236548e+02 5.194880e+02 3.290000e-01 3.000000e-03 4.221932e+01 2.689218e-01
ba133  ba133  160.6120 3.494918e-03 2.901708e-04 2.901708e-04 3.474670e+04 5.212005e+02 5.236548e+02 5.194880e+02 6.380000e-03 5.000000e-05 7.747673e-01 6.432620e-02
ba133  ba133  223.2368 2.967301e-03 2.334113e-04 2.334113e-04 3.474670e+04 5.212005e+02 5.236548e+02 5.194880e+02 4.530000e-03 3.000000e-05 4.670607e-01 3.673953e-02
ba133  ba133  276.3989 2.545839e-03 3.257190e-05 3.257190e-05 3.474670e+04 5.212005e+02 5.236548e+02 5.194880e+02 7.160000e-02 5.000000e-04 6.333702e+00 8.103446e-02
ba133  ba133  302.8508 2.470052e-03 1.512542e-05 1.512542e-05 3.474670e+04 5.212005e+02 5.236548e+02 5.194880e+02 1.834000e-01 1.300000e-03 1.574052e+01 9.638741e-02
ba133  ba133  356.0129 2.251847e-03 7.462249e-06 7.462249e-06 3.474670e+04 5.212005e+02 5.236548e+02 5.194880e+02 6.205000e-01 1.900000e-03 4.855056e+01 1.608885e-01
ba133  ba133  383.8485 2.177375e-03 2.555873e-05 2.555873e-05 3.474670e+04 5.212005e+02 5.236548e+02 5.194880e+02 8.940000e-02 6.000000e-04 6.763701e+00 7.939448e-02
co60   co60   1173.2280 1.117145e-03 7.456987e-06 7.456987e-06 2.993836e+04 4.490753e+02 4.503679e+02 4.472526e+02 9.985000e-01 3.000000e-04 3.339533e+01 2.229151e-01
co60   co60   1332.4920 1.037205e-03 7.028755e-06 7.028755e-06 2.993836e+04 4.490753e+02 4.503679e+02 4.472526e+02 9.998260e-01 6.000000e-06 3.104681e+01 2.103928e-01
cs137  cs137  661.6570 1.546964e-03 8.801965e-06 8.801965e-06 4.300188e+04 6.450281e+02 -6.425806e+02 -6.487068e+02 8.510000e-01 2.000000e-03 5.661053e+01 3.221044e-01
eu152  eu152b 344.2785 2.310710e-03 1.456598e-05 1.456598e-05 3.351812e+04 5.027718e+02 5.046456e+02 5.012895e+02 2.659000e-01 2.000000e-03 2.059413e+01 1.298188e-01
eu152  eu152b 367.7891 2.087713e-03 1.088774e-04 1.088774e-04 3.351812e+04 5.027718e+02 5.046456e+02 5.012895e+02 8.590000e-03 6.000000e-05 6.010958e-01 3.134805e-02
eu152  eu152b 411.1165 1.972680e-03 5.236850e-05 5.236850e-05 3.351812e+04 5.027718e+02 5.046456e+02 5.012895e+02 2.237000e-02 1.300000e-04 1.479116e+00 3.926592e-02
eu152  eu152b 586.2648 1.603584e-03 1.446212e-04 1.446212e-04 3.351812e+04 5.027718e+02 5.046456e+02 5.012895e+02 4.550000e-03 4.000000e-05 2.445585e-01 2.205581e-02
eu152  eu152b 678.6230 1.485716e-03 1.327562e-04 1.327562e-04 3.351812e+04 5.027718e+02 5.046456e+02 5.012895e+02 4.730000e-03 4.000000e-05 2.355465e-01 2.104726e-02
eu152  eu152b 778.9045 1.416217e-03 1.661738e-05 1.661738e-05 3.351812e+04 5.027718e+02 5.046456e+02 5.012895e+02 1.293000e-01 8.000000e-04 6.137733e+00 7.201794e-02
eu152  eu152b 1299.1420 1.057163e-03 4.084461e-05 4.084461e-05 3.351812e+04 5.027718e+02 5.046456e+02 5.012895e+02 1.633000e-02 1.100000e-04 5.786389e-01 2.235633e-02
eu152  eu152e 121.7817 3.476609e-03 1.805048e-05 1.805048e-05 3.351812e+04 5.027718e+02 5.046456e+02 5.012895e+02 2.853000e-01 1.600000e-03 3.324584e+01 1.726117e-01
eu152  eu152e 244.6974 2.788957e-03 3.373823e-05 3.373823e-05 3.351812e+04 5.027718e+02 5.046456e+02 5.012895e+02 7.550000e-02 4.000000e-04 7.057783e+00 8.537856e-02
eu152  eu152e 295.9387 2.209732e-03 2.546118e-04 2.546118e-04 3.351812e+04 5.027718e+02 5.046456e+02 5.012895e+02 4.400000e-03 4.000000e-05 3.258906e-01 3.755008e-02
eu152  eu152e 488.6792 1.430622e-03 1.520380e-04 1.520380e-04 3.351812e+04 5.027718e+02 5.046456e+02 5.012895e+02 4.140000e-03 3.000000e-05 1.985203e-01 2.109756e-02
eu152  eu152e 563.9860 1.739059e-03 1.400989e-04 1.400989e-04 3.351812e+04 5.027718e+02 5.046456e+02 5.012895e+02 4.940000e-03 5.000000e-05 2.879525e-01 2.319750e-02
eu152  eu152e 688.6700 1.492036e-03 8.511354e-05 8.511354e-05 3.351812e+04 5.027718e+02 5.046456e+02 5.012895e+02 8.560000e-03 6.000000e-05 4.280877e-01 2.442036e-02
eu152  eu152e 719.3460 1.786244e-03 2.289451e-04 2.289451e-04 3.351812e+04 5.027718e+02 5.046456e+02 5.012895e+02 2.500000e-03 8.000000e-05 1.496789e-01 1.918452e-02
eu152  eu152e 810.4510 1.417754e-03 1.723803e-04 1.723803e-04 3.351812e+04 5.027718e+02 5.046456e+02 5.012895e+02 3.170000e-03 3.000000e-05 1.506398e-01 1.831582e-02
eu152  eu152e 867.3800 1.388199e-03 3.022552e-05 3.022552e-05 3.351812e+04 5.027718e+02 5.046456e+02 5.012895e+02 4.230000e-02 3.000000e-04 1.968212e+00 4.285424e-02
eu152  eu152e 919.3370 1.198703e-03 1.239726e-04 1.239726e-04 3.351812e+04 5.027718e+02 5.046456e+02 5.012895e+02 4.190000e-03 5.000000e-05 1.683469e-01 1.741083e-02
eu152  eu152e 926.3100 1.130540e-03 1.728488e-04 1.728488e-04 3.351812e+04 5.027718e+02 5.046456e+02 5.012895e+02 2.720000e-03 3.000000e-05 1.030705e-01 1.575850e-02
eu152  eu152e 964.0570 1.230239e-03 1.456501e-05 1.456501e-05 3.351812e+04 5.027718e+02 5.046456e+02 5.012895e+02 1.451000e-01 7.000000e-04 5.983243e+00 7.083660e-02
eu152  eu152e 1005.2700 1.133651e-03 8.028522e-05 8.028522e-05 3.351812e+04 5.027718e+02 5.046456e+02 5.012895e+02 6.590000e-03 1.100000e-04 2.504058e-01 1.773375e-02
eu152  eu152e 1112.0760 1.089440e-03 1.406759e-05 1.406759e-05 3.351812e+04 5.027718e+02 5.046456e+02 5.012895e+02 1.367000e-01 8.000000e-04 4.991736e+00 6.445669e-02
eu152  eu152e 1212.9480 1.143374e-03 4.857556e-05 4.857556e-05 3.351812e+04 5.027718e+02 5.046456e+02 5.012895e+02 1.415000e-02 8.000000e-05 5.422809e-01 2.303848e-02
eu152  eu152e 1408.0130 9.840447e-04 1.052227e-05 1.052227e-05 3.351812e+04 5.027718e+02 5.046456e+02 5.012895e+02 2.087000e-01 9.000000e-04 6.883620e+00 7.360570e-02
eu152  eu152e 1457.6430 1.034081e-03 7.536884e-05 7.536884e-05 3.351812e+04 5.027718e+02 5.046456e+02 5.012895e+02 4.970000e-03 4.000000e-05 1.722624e-01 1.255532e-02
eu152  eu152e 1528.1000 1.185942e-03 1.026872e-04 1.026872e-04 3.351812e+04 5.027718e+02 5.046456e+02 5.012895e+02 2.790000e-03 3.000000e-05 1.109040e-01 9.602850e-03
eu152  eu152e 566.4380 2.501872e-03 4.537094e-04 4.537094e-04 3.351812e+04 5.027718e+02 5.046456e+02 5.012895e+02 1.310000e-03 3.000000e-05 1.098540e-01 1.992180e-02
na22   na22   1274.5370 1.047659e-03 6.426206e-06 6.426206e-06 2.634066e+04 3.951100e+02 3.980250e+02 3.918312e+02 9.994000e-01 1.400000e-04 2.757947e+01 1.691690e-01
pb210  pb210  46.5390 3.388563e-03 3.167303e-05 3.167303e-05 2.056073e+05 4.112147e+03 4.108315e+03 4.110533e+03 4.250000e-02 4.000000e-04 2.961032e+01 2.767689e-01
ra226  ra226  186.2110 3.156325e-03 8.772395e-05 8.772395e-05 2.967589e+04 4.451384e+02 4.466082e+02 4.448044e+02 3.640000e-02 4.000000e-04 3.409471e+00 9.475963e-02
ra226  pb214  53.2284 3.658219e-03 1.936048e-04 1.936048e-04 2.967589e+04 4.451384e+02 4.466082e+02 4.448044e+02 1.075000e-02 7.000000e-05 1.167030e+00 6.176301e-02
ra226  pb214  241.9950 2.746458e-03 4.535163e-05 4.535163e-05 2.967589e+04 4.451384e+02 4.466082e+02 4.448044e+02 7.251000e-02 1.600000e-04 5.909825e+00 9.758760e-02
ra226  pb214  258.8600 2.893175e-03 3.577659e-04 3.577659e-04 2.967589e+04 4.451384e+02 4.466082e+02 4.448044e+02 5.310000e-03 4.000000e-05 4.559037e-01 5.637640e-02
ra226  pb214  274.8000 2.940638e-03 4.826410e-04 4.826410e-04 2.967589e+04 4.451384e+02 4.466082e+02 4.448044e+02 3.550000e-03 1.000000e-04 3.097945e-01 5.084595e-02
ra226  pb214  295.2228 2.436257e-03 2.234595e-05 2.234595e-05 2.967589e+04 4.451384e+02 4.466082e+02 4.448044e+02 1.842000e-01 4.000000e-04 1.331731e+01 1.221497e-01
ra226  pb214  351.9321 2.239792e-03 1.439721e-05 1.439721e-05 2.967589e+04 4.451384e+02 4.466082e+02 4.448044e+02 3.560000e-01 7.000000e-04 2.366255e+01 1.521011e-01
ra226  pb214  462.0200 2.428751e-03 4.209874e-04 4.209874e-04 2.967589e+04 4.451384e+02 4.466082e+02 4.448044e+02 2.120000e-03 5.000000e-05 1.527998e-01 2.648554e-02
ra226  pb214  480.4320 1.783601e-03 2.569639e-04 2.569639e-04 2.967589e+04 4.451384e+02 4.466082e+02 4.448044e+02 3.370000e-03 4.000000e-05 1.783739e-01 2.569839e-02
ra226  pb214  487.1400 1.537384e-03 1.954279e-04 1.954279e-04 2.967589e+04 4.451384e+02 4.466082e+02 4.448044e+02 4.320000e-03 5.000000e-05 1.970924e-01 2.505383e-02
ra226  pb214  580.1400 1.345397e-03 2.035403e-04 2.035403e-04 2.967589e+04 4.451384e+02 4.466082e+02 4.448044e+02 3.700000e-03 4.000000e-05 1.477257e-01 2.234889e-02
ra226  pb214  785.9600 1.025825e-03 1.812572e-04 1.812572e-04 2.967589e+04 4.451384e+02 4.466082e+02 4.448044e+02 1.060000e-02 3.000000e-04 3.226880e-01 5.701707e-02
ra226  pb214  839.0700 1.491893e-03 1.370191e-04 1.370191e-04 2.967589e+04 4.451384e+02 4.466082e+02 4.448044e+02 5.830000e-03 8.000000e-05 2.581131e-01 2.370574e-02
ra226  bi214  386.7800 1.813865e-03 3.945794e-04 3.945794e-04 2.967589e+04 4.451384e+02 4.466082e+02 4.448044e+02 2.950000e-03 5.000000e-05 1.587928e-01 3.454301e-02
ra226  bi214  388.8900 1.998592e-03 2.894933e-04 2.894933e-04 2.967589e+04 4.451384e+02 4.466082e+02 4.448044e+02 4.020000e-03 1.000000e-04 2.384262e-01 3.453570e-02
ra226  bi214  454.7900 2.148713e-03 3.216758e-04 3.216758e-04 2.967589e+04 4.451384e+02 4.466082e+02 4.448044e+02 2.920000e-03 4.000000e-05 1.861937e-01 2.787437e-02
ra226  bi214  609.3200 1.589075e-03 1.027563e-05 1.027563e-05 2.967589e+04 4.451384e+02 4.466082e+02 4.448044e+02 4.549000e-01 1.600000e-03 2.145182e+01 1.387165e-01
ra226  bi214  665.4470 1.485671e-03 6.662418e-05 6.662418e-05 2.967589e+04 4.451384e+02 4.466082e+02 4.448044e+02 1.531000e-02 6.000000e-05 6.749968e-01 3.026989e-02
ra226  bi214  703.1100 1.477061e-03 1.625632e-04 1.625632e-04 2.967589e+04 4.451384e+02 4.466082e+02 4.448044e+02 4.720000e-03 9.000000e-05 2.068923e-01 2.277026e-02
ra226  bi214  719.8700 1.384503e-03 1.793865e-04 1.793865e-04 2.967589e+04 4.451384e+02 4.466082e+02 4.448044e+02 3.920000e-03 8.000000e-05 1.610585e-01 2.086794e-02
ra226  bi214  768.3600 1.373490e-03 3.239004e-05 3.239004e-05 2.967589e+04 4.451384e+02 4.466082e+02 4.448044e+02 4.894000e-02 1.100000e-04 1.994772e+00 4.704129e-02
ra226  bi214  806.1800 1.378269e-03 7.450663e-05 7.450663e-05 2.967589e+04 4.451384e+02 4.466082e+02 4.448044e+02 1.264000e-02 5.000000e-05 5.169932e-01 2.794768e-02
ra226  bi214  934.0560 1.190289e-03 4.083379e-05 4.083379e-05 2.967589e+04 4.451384e+02 4.466082e+02 4.448044e+02 3.107000e-02 1.000000e-04 1.097482e+00 3.764998e-02
ra226  bi214  964.0800 1.019489e-03 1.859960e-04 1.859960e-04 2.967589e+04 4.451384e+02 4.466082e+02 4.448044e+02 3.650000e-03 1.000000e-04 1.104280e-01 2.014653e-02
ra226  bi214  1051.9600 1.522603e-03 1.976386e-04 1.976386e-04 2.967589e+04 4.451384e+02 4.466082e+02 4.448044e+02 3.130000e-03 7.000000e-05 1.414278e-01 1.835777e-02
ra226  bi214  1069.9600 1.158743e-03 2.078702e-04 2.078702e-04 2.967589e+04 4.451384e+02 4.466082e+02 4.448044e+02 2.720000e-03 9.000000e-05 9.353191e-02 1.677896e-02
ra226  bi214  1120.2940 1.141909e-03 1.587800e-05 1.587800e-05 2.967589e+04 4.451384e+02 4.466082e+02 4.448044e+02 1.492000e-01 3.000000e-04 5.055964e+00 7.030214e-02
ra226  bi214  1133.6600 7.064192e-04 2.170936e-04 2.170936e-04 2.967589e+04 4.451384e+02 4.466082e+02 4.448044e+02 2.512000e-03 1.000000e-05 5.266062e-02 1.618342e-02
ra226  bi214  1155.2100 1.105644e-03 5.559606e-05 5.559606e-05 2.967589e+04 4.451384e+02 4.466082e+02 4.448044e+02 1.633000e-02 6.000000e-05 5.358032e-01 2.694226e-02
ra226  bi214  1207.6800 1.078013e-03 1.347551e-04 1.347551e-04 2.967589e+04 4.451384e+02 4.466082e+02 4.448044e+02 4.510000e-03 1.000000e-04 1.442795e-01 1.803539e-02
ra226  bi214  1238.1220 1.052680e-03 2.558297e-05 2.558297e-05 2.967589e+04 4.451384e+02 4.466082e+02 4.448044e+02 5.834000e-02 1.500000e-04 1.822496e+00 4.429158e-02
ra226  bi214  1280.9760 1.020141e-03 5.810071e-05 5.810071e-05 2.967589e+04 4.451384e+02 4.466082e+02 4.448044e+02 1.434000e-02 6.000000e-05 4.341235e-01 2.472489e-02
ra226  bi214  1377.6690 9.501880e-04 3.069301e-05 3.069301e-05 2.967589e+04 4.451384e+02 4.466082e+02 4.448044e+02 3.988000e-02 1.100000e-04 1.124523e+00 3.632440e-02
ra226  bi214  1385.3100 1.045195e-03 8.750513e-05 8.750513e-05 2.967589e+04 4.451384e+02 4.466082e+02 4.448044e+02 7.930000e-03 5.000000e-05 2.459655e-01 2.059257e-02
ra226  bi214  1401.5150 9.945688e-04 6.094117e-05 6.094117e-05 2.967589e+04 4.451384e+02 4.466082e+02 4.448044e+02 1.330000e-02 5.000000e-05 3.925458e-01 2.405283e-02
ra226  bi214  1407.9880 1.033616e-03 4.195615e-05 4.195615e-05 2.967589e+04 4.451384e+02 4.466082e+02 4.448044e+02 2.394000e-02 7.000000e-05 7.343231e-01 2.980737e-02
ra226  bi214  1509.2100 9.580139e-04 4.625204e-05 4.625204e-05 2.967589e+04 4.451384e+02 4.466082e+02 4.448044e+02 2.130000e-02 1.000000e-04 6.055573e-01 2.923575e-02
ra226  bi214  1538.5300 1.144974e-03 1.419764e-04 1.419764e-04 2.967589e+04 4.451384e+02 4.466082e+02 4.448044e+02 3.980000e-03 1.100000e-04 1.352330e-01 1.676884e-02
ra226  bi214  1543.3400 9.566254e-04 1.809771e-04 1.809771e-04 2.967589e+04 4.451384e+02 4.466082e+02 4.448044e+02 3.030000e-03 1.000000e-04 8.601780e-02 1.627309e-02
ra226  bi214  1583.2040 8.227045e-04 8.453192e-05 8.453192e-05 2.967589e+04 4.451384e+02 4.466082e+02 4.448044e+02 7.050000e-03 5.000000e-05 1.721222e-01 1.768535e-02
ra226  bi214  1594.7500 1.009136e-03 1.780627e-04 1.780627e-04 2.967589e+04 4.451384e+02 4.466082e+02 4.448044e+02 2.670000e-03 1.200000e-04 7.995853e-02 1.410873e-02
ra226  bi214  1599.3700 9.222918e-04 1.503615e-04 1.503615e-04 2.967589e+04 4.451384e+02 4.466082e+02 4.448044e+02 3.240000e-03 1.200000e-04 8.867826e-02 1.445724e-02
ra226  bi214  1661.2740 7.970518e-04 6.011587e-05 6.011587e-05 2.967589e+04 4.451384e+02 4.466082e+02 4.448044e+02 1.047000e-02 6.000000e-05 2.476493e-01 1.867840e-02
ra226  bi214  1684.0120 9.543831e-04 1.743208e-04 1.743208e-04 2.967589e+04 4.451384e+02 4.466082e+02 4.448044e+02 2.140000e-03 5.000000e-05 6.060944e-02 1.107049e-02
ra226  bi214  1729.5950 8.466687e-04 3.276572e-05 3.276572e-05 2.967589e+04 4.451384e+02 4.466082e+02 4.448044e+02 2.878000e-02 8.000000e-05 7.231162e-01 2.798429e-02
ra226  bi214  1764.4910 8.450886e-04 1.370533e-05 1.370533e-05 2.967589e+04 4.451384e+02 4.466082e+02 4.448044e+02 1.530000e-01 3.000000e-04 3.837050e+00 6.222783e-02
ra226  bi214  1838.3600 6.622458e-04 1.083042e-04 1.083042e-04 2.967589e+04 4.451384e+02 4.466082e+02 4.448044e+02 3.500000e-03 1.000000e-04 6.878458e-02 1.124909e-02
ra226  bi214  1847.4290 7.653501e-04 3.654597e-05 3.654597e-05 2.967589e+04 4.451384e+02 4.466082e+02 4.448044e+02 2.025000e-02 9.000000e-05 4.599271e-01 2.196182e-02
ra226  bi214  1873.1600 1.059134e-03 1.714561e-04 1.714561e-04 2.967589e+04 4.451384e+02 4.466082e+02 4.448044e+02 2.140000e-03 8.000000e-05 6.726182e-02 1.088856e-02
ra226  bi214  2118.5140 6.736610e-04 4.913299e-05 4.913299e-05 2.967589e+04 4.451384e+02 4.466082e+02 4.448044e+02 1.160000e-02 6.000000e-05 2.319013e-01 1.691356e-02
ra226  bi214  2204.0590 7.347744e-04 2.309221e-05 2.309221e-05 2.967589e+04 4.451384e+02 4.466082e+02 4.448044e+02 4.924000e-02 1.800000e-04 1.073683e+00 3.374328e-02
ra226  bi214  2293.3800 4.860158e-04 8.338359e-05 8.338359e-05 2.967589e+04 4.451384e+02 4.466082e+02 4.448044e+02 3.070000e-03 3.000000e-05 4.427846e-02 7.596662e-03
ra226  bi214  2447.7000 6.760993e-04 3.944247e-05 3.944247e-05 2.967589e+04 4.451384e+02 4.466082e+02 4.448044e+02 1.548000e-02 7.000000e-05 3.105884e-01 1.811919e-02
ra226  pb210  46.5390 2.356262e-03 6.198311e-05 6.198311e-05 2.967589e+04 4.451384e+02 4.466082e+02 4.448044e+02 4.250000e-02 4.000000e-04 2.971778e+00 7.817467e-02
