29.8114 0
29.9975 0
30.1835 0
30.3695 0
30.5555 0
30.7415 0
30.9276 0
31.1136 0
31.2996 0
31.4856 0
31.6716 0
31.8576 0
32.0437 0
32.2297 0
32.4157 0
32.6017 0
32.7877 0
32.9738 0
33.1598 0
33.3458 0
33.5318 0
33.7178 0
33.9038 0
34.0899 0
34.2759 0
34.4619 0
34.6479 0
34.8339 0
35.0199 0
35.206 0
35.392 0
35.578 0
35.764 0
35.95 0
36.1361 0
36.3221 0
36.5081 0
36.6941 0
36.8801 0
37.0661 0
37.2522 0
37.4382 0
37.6242 0
37.8102 0
37.9962 0
38.1823 0
38.3683 0
38.5543 0
38.7403 0
38.9263 0
39.1123 0
39.2984 0
39.4844 0
39.6704 0
39.8564 0
40.0424 0
40.2285 0
40.4145 0
40.6005 0
40.7865 0
40.9725 0
41.1585 0
41.3446 0
41.5306 0
41.7166 0.0971669
41.9026 0.250444
42.0886 0.922867
42.2747 1.5281
42.4607 0.138041
42.6467 1.03762
42.8327 0.729121
43.0187 1.01335
43.2047 0.119757
43.3908 1.43722
43.5768 0.399379
43.7628 0.0972813
43.9488 0.85886
44.1348 0.00114216
44.3209 1.9663
44.5069 0.16025
44.6929 0.592433
44.8789 0.204932
45.0649 0.00105708
45.251 2.52301
45.437 1.62093
45.623 1.48654
45.809 0.087679
45.995 0.830647
46.181 0.265907
46.3671 0.750812
46.5531 1.35193
46.7391 2.33135
46.9251 0.135968
47.1111 0.0280676
47.2972 0.349361
47.4832 0.153516
47.6692 0.263398
47.8552 1.0865
48.0412 0.166828
48.2272 2.08985
48.4133 0.014683
48.5993 0.0851628
48.7853 0.752481
48.9713 0.0117368
49.1573 4.94787
49.3434 3.14034
49.5294 0.321012
49.7154 2.31719
49.9014 1.48603
50.0874 0.112631
50.2735 0.0566556
50.4595 0.0154777
50.6455 1.12971
50.8315 0.67972
51.0175 1.19602
51.2035 2.35658
51.3896 0.0167015
51.5756 0.306869
51.7616 0.108628
51.9476 0.869788
52.1336 0.0320841
52.3197 1.30458
52.5057 1.43186
52.6917 0.388615
52.8777 0.770214
53.0637 0.321016
53.2498 0.629539
53.4358 0.46494
53.6218 0.137594
53.8078 0.393979
53.9938 0.0290773
54.1798 3.42775
54.3659 0.00931407
54.5519 0.00159521
54.7379 0.0024738
54.9239 1.36842
55.1099 0.445289
55.296 0.0051067
55.482 0.511254
55.668 0.467546
55.854 1.04851
56.04 1.06814
56.2261 0.600065
56.4121 0.690113
56.5981 0.0284219
56.7841 0.00353257
56.9701 0.250765
57.1561 0.0760519
57.3422 0.449611
57.5282 0.862168
57.7142 0.0218059
57.9002 0.318029
58.0862 0.995851
58.2723 0
58.4583 0
58.6443 0
58.8303 0
59.0163 0
59.2024 0
59.3884 0
59.5744 0
59.7604 0
59.9464 0
60.1325 0
60.3185 0
60.5045 0
60.6905 0
60.8765 0
61.0625 0
61.2486 0
61.4346 0
61.6206 0
61.8066 0
61.9926 0
62.1787 0
62.3647 0
62.5507 0
62.7367 0
62.9227 0
63.1088 0
63.2948 0
63.4808 0
63.6668 0
63.8528 0
64.0389 0
64.2249 0
64.4109 0
64.5969 0
64.7829 0
64.9689 0
65.155 0
65.341 0
65.527 0
65.713 0
65.899 0
66.0851 0
66.2711 0
66.4571 0
66.6431 0
66.8291 0
67.0152 0
67.2012 0
67.3872 0
67.5732 0
67.7592 0
67.9453 0
68.1313 0
68.3173 0
68.5033 0
68.6893 0
68.8754 0
69.0614 0
69.2474 0
69.4334 0
69.6194 0
69.8055 0
69.9915 0
70.1775 0
70.3635 0
70.5495 0
70.7355 0
70.9216 0
71.1076 0
71.2936 0
71.4796 0
71.6656 0
71.8517 0
72.0377 0
72.2237 0
72.4097 0
72.5957 0
72.7818 0
72.9678 0
73.1538 0
73.3398 0
73.5258 0
73.7119 0
73.8979 0
74.0839 0
74.2699 0
74.4559 0
74.642 0
74.828 0
75.014 0
75.2 0
75.386 0
75.5721 0
75.7581 0
75.9441 0
76.1301 0
76.3161 0
76.5022 0
76.6882 0
76.8742 0
77.0602 0
77.2462 0
77.4323 0
77.6183 0
77.8043 0
77.9903 0
78.1763 0
78.3624 0
78.5484 0
78.7344 0
78.9204 0
79.1064 0
79.2925 0
79.4785 0
79.6645 0
79.8505 0
80.0365 0
80.2226 0
80.4086 0
80.5946 0
80.7806 0
80.9666 0
81.1527 0
81.3387 0
81.5247 0
81.7107 0
81.8967 0
82.0828 0
82.2688 0
82.4548 0
82.6408 0
82.8268 0
83.0129 0
83.1989 0
83.3849 0
83.5709 0
83.7569 0
83.943 0
84.129 0
84.315 0
84.501 0
84.687 0
84.8731 0
85.0591 0
85.2451 0
85.4311 0
85.6171 0
85.8032 0
85.9892 0
86.1752 0
86.3612 0
86.5472 0
86.7333 0
86.9193 0
87.1053 0
87.2913 0
87.4773 0
87.6634 0
87.8494 0
88.0354 0
88.2214 0
88.4074 0
88.5935 0
88.7795 0
88.9655 0
89.1515 0
89.3375 0
89.5236 0
89.7096 0
89.8956 0
90.0816 0
90.2676 0
90.4537 0
90.6397 0
90.8257 0
91.0117 0
91.1977 0
91.3838 0
91.5698 0
91.7558 0
91.9418 0
92.1278 0
92.3139 0
92.4999 0
92.6859 0
92.8719 0
93.0579 0
93.244 0
93.43 0
93.616 0
93.802 0
93.988 0
94.1741 0
94.3601 0
94.5461 0
94.7321 0
94.9182 0
95.1042 0
95.2902 0
95.4762 0
95.6622 0
95.8483 0
96.0343 0
96.2203 0
96.4063 0
96.5923 0
96.7784 0
96.9644 0
97.1504 0
97.3364 0
97.5224 0
97.7085 0
97.8945 0
98.0805 0
98.2665 0
98.4525 0
98.6386 0
98.8246 0
99.0106 0
99.1966 0
99.3826 0
99.5687 0
99.7547 0
99.9407 0
100.127 0
100.313 0
100.499 0
100.685 0
100.871 0
101.057 0
101.243 0
101.429 0
101.615 0
101.801 0
101.987 0
102.173 0
102.359 0
102.545 0
102.731 0
102.917 0
103.103 0
103.289 0
103.475 0
103.661 0
103.847 0
104.033 0
104.219 0
104.405 0
104.591 0
104.777 0
104.963 0
105.149 0
105.335 0
105.521 0
105.707 0
105.893 0
106.079 0
106.265 0
106.451 0
106.637 0
106.823 0
107.01 0
107.196 0
107.382 0
107.568 0
107.754 0
107.94 0
108.126 0
108.312 0
108.498 0
108.684 0
108.87 0
109.056 0
109.242 0
109.428 0
109.614 0
109.8 0
109.986 0
110.172 0
110.358 0
110.544 0
110.73 0
110.916 0
111.102 0
111.288 0
111.474 0
111.66 0
111.846 0
112.032 0
112.218 0
112.404 0
112.59 0
112.776 0
112.962 0
113.148 0
113.334 0
113.52 0
113.706 0
113.892 0
114.078 0
114.264 0
114.45 0
114.636 0
114.822 0
115.008 0
115.194 0
115.38 0
115.566 0
115.753 0
115.939 0
116.125 0
116.311 0
116.497 0
116.683 0
116.869 0
117.055 0
117.241 0
117.427 0
117.613 0
117.799 0
117.985 0
118.171 0
118.357 0
118.543 0
118.729 0
118.915 0
119.101 0
119.287 0
119.473 0
119.659 0
119.845 0
120.031 0
120.217 0
120.403 0
120.589 0
120.775 0
120.961 0
121.147 0
121.333 0
121.519 0
121.705 0
121.891 0
122.077 0
122.263 0
122.449 0
122.635 0
122.821 0
123.007 0
123.193 0
123.379 0
123.565 0
123.751 0
123.937 0
124.123 0
124.309 0
124.496 0
124.682 0
124.868 0
125.054 0
125.24 0
125.426 0
125.612 0
125.798 0
125.984 0
126.17 0
126.356 0
126.542 0
126.728 0
126.914 0
127.1 0
127.286 0
127.472 0
127.658 0
127.844 0
128.03 0
128.216 0
128.402 0
128.588 0
128.774 0
128.96 0
129.146 0
129.332 0
129.518 0
129.704 0
129.89 0
130.076 0
130.262 0
130.448 0
130.634 0
130.82 0
131.006 0
131.192 0
131.378 0
131.564 0
131.75 0
131.936 0
132.122 0
132.308 0
132.494 0
132.68 0
132.867 0
133.053 0
133.239 0
133.425 0
133.611 0
133.797 0
133.983 0
134.169 0
134.355 0
134.541 0
134.727 0
134.913 0
135.099 0
135.285 0
135.471 0
135.657 0
135.843 0
136.029 0
136.215 0
136.401 0
136.587 0
136.773 0
136.959 0
137.145 0
137.331 0
137.517 0
137.703 0
137.889 0
138.075 0
138.261 0
138.447 0
138.633 0
138.819 0
139.005 0
139.191 0
139.377 0
139.563 0
139.749 0
139.935 0
140.121 0
140.307 0
140.493 0
140.679 0
140.865 0
141.051 0
141.238 0
141.424 0
141.61 0
141.796 0
141.982 0
142.168 0
142.354 0
142.54 0
142.726 0
142.912 0
143.098 0
143.284 0
143.47 0
143.656 0
143.842 0
144.028 0
144.214 0
144.4 0
144.586 0
144.772 0
144.958 0
145.144 0
145.33 0
145.516 0
145.702 0
145.888 0
146.074 0
146.26 0
146.446 0
146.632 0
146.818 0
147.004 0
147.19 0
147.376 0
147.562 0
147.748 0
147.934 0
148.12 0
148.306 0
148.492 0
148.678 0
148.864 0
149.05 0
149.236 0
149.423 0
149.609 0
149.795 0
149.981 0
150.167 0
150.353 0
150.539 0
150.725 0
150.911 0
151.097 0
151.283 0
151.469 0
151.655 0
151.841 0
152.027 0
152.213 0
152.399 0
152.585 0
152.771 0
152.957 0
153.143 0
153.329 0
153.515 0
153.701 0
153.887 0
154.073 0
154.259 0
154.445 0
154.631 0
154.817 0
155.003 0
155.189 0
155.375 0
155.561 0
155.747 0
155.933 0
156.119 0
156.305 0
156.491 0
156.677 0
156.863 0
157.049 0
157.235 0
157.422 0
157.608 0
157.794 0
157.98 0
158.166 0
158.352 0
158.538 0
158.724 0
158.91 0
159.096 0
159.282 0
159.468 0
159.654 0
159.84 0
160.026 0
160.212 0
160.398 0
160.584 0
160.77 0
160.956 0
161.142 0
161.328 0
161.514 0
161.7 0
161.886 0
162.072 0
162.258 0
162.444 0
162.63 0
162.816 0
163.002 0
163.188 0
163.374 0
163.56 0
163.746 0
163.932 0
164.118 0
164.304 0
164.49 0
164.676 0
164.862 0
165.048 0
165.234 0
165.421 0
165.607 0
165.793 0
165.979 0
166.165 0
166.351 0
166.537 0
166.723 0
166.909 0
167.095 0
167.281 0
167.467 0
167.653 0
167.839 0
168.025 0
168.211 0
168.397 0
168.583 0
168.769 0
168.955 0
169.141 0
169.327 0
169.513 0
169.699 0
169.885 0
170.071 0
170.257 0
170.443 0
170.629 0
170.815 0
171.001 0
171.187 0
171.373 0
171.559 0
171.745 0
171.931 0
172.117 0
172.303 0
172.489 0
172.675 0
172.861 0
173.047 0
173.234 0
173.42 0
173.606 0
173.792 0
173.978 0
174.164 0
174.35 0
174.536 0
174.722 0
174.908 0
175.094 0
175.28 0
175.466 0
175.652 0
175.838 0
176.024 0
176.21 0
176.396 0
176.582 0
176.768 0
176.954 0
177.14 0
177.326 0
177.512 0
177.698 0
177.884 0
178.07 0
178.256 0
178.442 0
178.628 0
178.814 0
179 0
179.186 0
179.372 0
179.558 0
179.744 0
179.93 0
180.116 0
180.302 0
180.488 0
180.674 0
180.861 0
181.047 0
181.233 2.29009
181.419 0.00107715
181.605 0.0115528
181.791 0.407412
181.977 0.15968
182.163 0.00116371
182.349 1.44335
182.535 0.257452
182.721 0.129364
182.907 0.0327293
183.093 0.0709898
183.279 8.1357
183.465 0.527085
183.651 1.24004
183.837 0.146849
184.023 0.0741
184.209 0.169283
184.395 0.0885671
184.581 0.605996
184.767 0.311716
184.953 0.0165578
185.139 2.59159
185.325 0.00220273
185.511 0.222039
185.697 0.00745192
185.883 0.950154
186.069 0.0185053
186.255 0.00775914
186.441 0.120419
186.627 0.749948
186.813 1.60211
186.999 0.3109
187.185 0.126839
187.371 0.951422
187.557 0.720774
187.743 0.17497
187.929 1.64883
188.115 1.07227
188.301 0.154306
188.488 0.749351
188.674 0.10956
188.86 2.38123
189.046 1.59789
189.232 0.00407885
189.418 0.0516042
189.604 0.109307
189.79 0.705441
189.976 0.0830694
190.162 0.126446
190.348 1.2741
190.534 1.32305
190.72 0.358416
190.906 1.2678
191.092 1.82928
191.278 0
191.464 0
191.65 0
191.836 0
192.022 0
192.208 0
192.394 0
192.58 0
192.766 0
192.952 0
193.138 0
193.324 0
193.51 0
193.696 0
193.882 0
194.068 0
194.254 0
194.44 0
194.626 0
194.812 0
194.998 0
195.184 0
195.37 0
195.556 0
195.742 0
195.929 0
196.115 0
196.301 0
196.487 0
196.673 0
196.859 0
197.045 0
197.231 0
197.417 0
197.603 0
197.789 0
197.975 0
198.161 0
198.347 0
198.533 0
198.719 0
198.905 0
199.091 0
199.277 0
199.463 0
199.649 0
199.835 0
200.021 0
200.207 0
200.393 0
200.579 0
200.765 0
200.951 0
201.137 0
201.323 0
201.509 0
201.695 0
201.881 0
202.067 0
202.253 0
202.439 0
202.625 0
202.811 0
202.997 0
203.183 0
203.37 0
203.556 0
203.742 0
203.928 0
204.114 0
204.3 0
204.486 0
204.672 0
204.858 0
205.044 0
205.23 0
205.416 0
205.602 0
205.788 0
205.974 0
206.16 0
206.346 0
206.532 0
206.718 0
206.904 0
207.09 0
207.276 0
207.462 0
207.648 0
207.834 0
208.02 0
208.206 0
208.392 0
208.578 0
208.764 0
208.95 0
209.136 0
209.322 0
209.508 0
209.694 0
209.88 0
210.066 0
210.252 0
210.438 0
210.625 0
210.811 0
210.997 0
211.183 0
211.369 0
211.555 0
211.741 0
211.927 0
212.113 0
212.299 0
212.485 0
212.671 0
212.857 0
213.043 0
213.229 0
213.415 0
213.601 0
213.787 0
213.973 0
214.159 0
214.345 0
214.531 0
214.717 0
214.903 0
215.089 0
215.275 0
215.461 0
215.647 0
215.833 0
216.019 0
216.205 0
216.391 0
216.577 0
216.763 0
216.949 0
217.135 0
217.321 0
217.507 0
217.693 0
217.88 0
218.066 0
218.252 0
218.438 0
218.624 0
218.81 0
218.996 0
219.182 0
219.368 0
219.554 0
219.74 0
219.926 0
220.112 0
220.298 0
220.484 0
220.67 0
220.856 0
221.042 0
221.228 0
221.414 0
221.6 0
221.786 0
221.972 0
222.158 0
222.344 0
222.53 0
222.716 0
222.902 0
223.088 0
223.274 0
223.46 0
223.646 0
223.832 0
224.018 0
224.204 0
224.39 0
224.576 0
224.762 0
224.949 0
225.135 0
225.321 0
225.507 0
225.693 0
225.879 0
226.065 0
226.251 0
226.437 0
226.623 0
226.809 0
226.995 0
227.181 0
227.367 0
227.553 0
227.739 0
227.925 0
228.111 0
228.297 0
228.483 0
228.669 0
228.855 0
229.041 0
229.227 0
229.413 0
229.599 0
229.785 0
229.971 0
230.157 0
230.343 0
230.529 0
230.715 0
230.901 0
231.087 0
231.273 0
231.459 0
231.645 0
231.831 0
232.018 0
232.204 0
232.39 0
232.576 0
232.762 0
232.948 0
233.134 0
233.32 0
233.506 0
233.692 0
233.878 0
234.064 0
234.25 0
234.436 0
234.622 0
234.808 0
234.994 0
235.18 0
235.366 0
235.552 0
235.738 0
235.924 0
236.11 0
236.296 0
236.482 0
236.668 0
236.854 0
237.04 0.150075
237.226 0.668103
237.412 0.355855
237.598 0.00925476
237.784 0.672333
237.97 3.59842
238.156 3.05288
238.342 0.322683
238.528 1.69418
238.714 0.0785028
238.901 1.01541
239.087 2.81021
239.273 0.170871
239.459 0.104826
239.645 1.52922
239.831 0.0543006
240.017 1.68336
240.203 1.50662
240.389 0.00079014
240.575 0.0752237
240.761 0.764448
240.947 2.58749
241.133 3.80094
241.319 0.337816
241.505 0.0114639
241.691 2.45505
241.877 1.7342
242.063 2.20078
242.249 2.87169
242.435 0.129036
242.621 0.0294494
242.807 0.340936
242.993 0.734477
243.179 0.00795901
243.365 0.16695
243.551 1.23461
243.737 2.69423
243.923 1.96538
244.109 1.24867
244.295 0.249179
244.481 0.328779
244.667 0.0245146
244.853 0.054095
245.039 0.230994
245.225 1.07558
245.411 0.16599
245.597 1.38821
245.784 0.741
245.97 3.28334
246.156 0.0526632
246.342 1.37638
246.528 0.437272
246.714 0.00573553
246.9 0.382663
247.086 0
247.272 0
247.458 0
247.644 0
247.83 0
248.016 0
248.202 0
248.388 0
248.574 0
248.76 0
248.946 0
249.132 0
249.318 0
249.504 0
249.69 0
249.876 0
250.062 0
250.248 0
250.434 0
250.62 0
250.806 0
250.992 0
251.178 0
251.364 0
251.55 0
251.736 0
251.922 0
252.108 0
252.294 0
252.48 0
252.667 0
252.853 0
253.039 0
253.225 0
253.411 0
253.597 0
253.783 0
253.969 0.702199
254.155 0.295547
254.341 0.259719
254.527 0.032723
254.713 4.92392
254.899 1.17667
255.085 3.74097
255.271 0.696306
255.457 0.286173
255.643 0.0944983
255.829 0.169999
256.015 1.30505
256.201 0.0737344
256.387 0.104478
256.573 0.535482
256.759 0.367571
256.945 2.0971
257.131 0.00188381
257.317 0.000819434
257.503 0.0605967
257.689 7.74863
257.875 0.413473
258.061 1.42129
258.247 2.00167
258.433 0.905236
258.619 3.09631
258.805 0.049927
258.991 0.819971
259.177 0.11666
259.364 1.20733
259.55 0.624058
259.736 0.261752
259.922 0.535242
260.108 0.000676372
260.294 0.123089
260.48 1.04618
260.666 2.69525
260.852 0.331944
261.038 0.348289
261.224 0.332396
261.41 0.193248
261.596 0.233415
261.782 0.374456
261.968 4.40895
262.154 0.386534
262.34 0.715761
262.526 1.29118
262.712 0.901366
262.898 0.00237932
263.084 0.144637
263.27 0.907834
263.456 6.80684
263.642 0.00291966
263.828 0.0245399
264.014 0
264.2 0
264.386 0
264.572 0
264.758 0
264.944 0
265.13 0
265.316 0
265.502 0
265.688 0
265.874 0
266.061 0
266.247 0
266.433 0
266.619 0
266.805 0
266.991 0
267.177 0
267.363 0
267.549 0
267.735 0
267.921 0
268.107 0
268.293 0
268.479 0
268.665 0
268.851 0
269.037 0
269.223 0
269.409 0
269.595 0
269.781 0
269.967 0.0653656
270.153 0.0357006
270.339 0.0486056
270.525 7.25521
270.711 0.713757
270.897 0.741068
271.083 1.40858
271.269 1.67229
271.455 0.840667
271.641 2.76201
271.827 0.17636
272.013 0.844715
272.199 1.66983
272.385 0.481787
272.572 0.00179528
272.758 0.500686
272.944 1.95887
273.13 1.17395
273.316 0.265979
273.502 2.93218
273.688 0.0266593
273.874 0.812963
274.06 0.749617
274.246 4.75862
274.432 1.08835
274.618 0.00193667
274.804 0.0032406
274.99 0.742461
275.176 0.451386
275.362 0.0492325
275.548 2.13107
275.734 0.01741
275.92 0.327522
276.106 0.061367
276.292 5.62483
276.478 0.921234
276.664 0.166847
276.85 0.108494
277.036 0.466605
277.222 0.398271
277.408 0.00195442
277.594 0.168572
277.78 1.32519
277.966 0.565378
278.152 0.504145
278.338 0.0416809
278.524 0.264749
278.71 0.031371
278.896 0.162001
279.083 3.46197
279.269 0.283969
279.455 0.0332544
279.641 0.591259
279.827 0.00315936
280.013 0.560861
280.199 0.244216
280.385 0.178981
280.571 3.51609
280.757 3.98714
280.943 1.42074
281.129 0.240476
281.315 1.50265
281.501 0.0189562
281.687 1.34847
281.873 6.04246
282.059 3.8331
282.245 0.357362
282.431 0
282.617 0
282.803 0
282.989 0
283.175 0
283.361 0
283.547 0
283.733 0
283.919 0
284.105 0
284.291 0
284.477 0
284.663 0
284.849 0
285.035 0
285.221 0
285.408 0
285.594 0
285.78 0
285.966 0
286.152 0
286.338 0
286.524 0
286.71 0
286.896 0
287.082 0
287.268 0
287.454 0
287.64 0
287.826 0
288.012 0
288.198 0
288.384 0
288.57 0
288.756 0
288.942 0
289.128 0
289.314 0
289.5 0
289.686 0
289.872 0
290.058 0
290.244 1.26163
290.43 0.572178
290.616 0.466677
290.802 0.50517
290.988 0.389996
291.174 0.0667055
291.36 0.00461555
291.546 0.0504144
291.732 0.522942
291.919 1.20386
292.105 3.98306
292.291 0.171198
292.477 0.14639
292.663 0.191619
292.849 0.174579
293.035 2.08382
293.221 0.203416
293.407 0.136574
293.593 2.64761
293.779 0.14648
293.965 0.0436553
294.151 0.0499289
294.337 0.468961
294.523 2.54278
294.709 0.332061
294.895 1.11425
295.081 0.0265885
295.267 6.69935
295.453 0.237734
295.639 0.783819
295.825 4.24349
296.011 0.0873299
296.197 0.0828122
296.383 1.53343
296.569 0.0964556
296.755 0.726252
296.941 0.669198
297.127 0.0017822
297.313 0.03541
297.499 0.583239
297.685 4.70771
297.871 0.52805
298.057 0.853424
298.244 0.0214307
298.43 0.0334267
298.616 0.384584
298.802 0.00116734
298.988 0.000910064
299.174 4.44763
299.36 0.129485
299.546 3.05446
299.732 0.351432
299.918 0.755419
300.104 0.195158
300.29 0
300.476 0
300.662 0
300.848 0
301.034 0
301.22 0
301.406 0
301.592 0
301.778 0
301.964 0
302.15 0
302.336 0
302.522 0
302.708 0
302.894 0
303.08 0
303.266 0
303.452 0
303.638 0
303.824 0
304.01 0
304.196 0
304.383 0
304.569 0
304.755 0
304.941 0
305.127 0
305.313 0
305.499 0
305.685 0
305.871 0
306.057 0
306.243 0
306.429 0
306.615 0
306.801 0
306.987 0
307.173 0
307.359 0
307.545 0
307.731 0
307.917 0
308.103 0
308.289 0
308.475 0
308.661 0
308.847 0
309.033 0
309.219 0
309.405 0
309.591 0
309.777 0
309.963 0
310.149 0
310.335 0
310.522 0
310.708 0
310.894 0
311.08 0
311.266 0
311.452 0
311.638 0
311.824 0
312.01 0
312.196 0
312.382 0
312.568 0
312.754 0
312.94 0
313.126 0
313.312 0
313.498 0
313.684 0
313.87 0
314.056 0
314.242 0
314.428 0
314.614 0
314.8 0
314.986 0
315.172 0
315.358 0
315.544 0
315.73 0
315.916 0
316.102 0
316.288 0
316.474 0
316.661 0
316.847 0
317.033 0
317.219 0
317.405 0
317.591 0
317.777 0
317.963 0
318.149 0
318.335 0
318.521 0
318.707 0
318.893 0
319.079 0
319.265 0
319.451 0
319.637 0
319.823 0
320.009 0
320.195 0
320.381 0
320.567 0
320.753 0
320.939 0
321.125 0
321.311 0
321.497 0
321.683 0
321.869 0
322.055 0
322.241 0
322.427 0
322.613 0
322.8 0
322.986 0
323.172 0
323.358 0
323.544 0
323.73 0
323.916 0
324.102 0
324.288 0
324.474 0
324.66 0
324.846 0
325.032 0
325.218 0
325.404 0
325.59 0
325.776 0
325.962 0
326.148 0
326.334 0
326.52 0
326.706 0
326.892 0
327.078 0
327.264 0
327.45 0
327.636 0
327.822 0
328.008 0
328.194 0
328.38 0
328.566 0
328.753 0
328.939 0
329.125 0
329.311 0
329.497 0
329.683 0
329.869 0
330.055 0
330.241 0
330.427 0
330.613 0
330.799 0
330.985 0
331.171 0
331.357 0
331.543 0
331.729 0
331.915 0
332.101 0
332.287 0
332.473 0
332.659 0
332.845 0
333.031 0
333.217 0
333.403 0
333.589 0
333.775 0
333.961 0
334.147 0
334.333 0
334.519 0
334.706 0
334.892 0
335.078 0
335.264 0
335.45 0
335.636 0
335.822 0
336.008 0
336.194 0
336.38 0
336.566 0
336.752 0
336.938 0
337.124 0
337.31 0
337.496 0
337.682 0
337.868 0
338.054 0
338.24 0
338.426 0
338.612 0
338.798 0
338.984 0
339.17 0
339.356 0
339.542 0
339.728 0
339.914 0
340.1 0
340.286 0
340.472 0
340.659 0
340.845 0
341.031 0
341.217 0
341.403 0
341.589 0
341.775 0
341.961 0
342.147 0
342.333 0
342.519 0
342.705 0
342.891 0
343.077 0
343.263 0
343.449 0
343.635 0
343.821 0
344.007 0
344.193 0
344.379 0
344.565 0
344.751 0
344.937 0
345.123 0
345.309 0
345.495 0
345.681 0
345.867 0
346.053 0
346.239 0
346.426 0
346.612 0
346.798 0
346.984 1.13194
347.17 0.0106172
347.356 1.23547
347.542 0.0733404
347.728 0.017824
347.914 3.03071
348.1 2.71321
348.286 0.411656
348.472 0.0644399
348.658 0.45089
348.844 0.122788
349.03 1.06882
349.216 0.0255403
349.402 1.20748
349.588 0.173149
349.774 5.8283
349.96 0.118519
350.146 0.00897761
350.332 0.231945
350.518 0.0128604
350.704 0.424106
350.89 0.0731649
351.076 0.0981545
351.262 0.729837
351.448 1.44402
351.634 0.00232398
351.82 1.57235
352.006 0.5556
352.193 0.763187
352.379 1.05355
352.565 0.190438
352.751 1.36638
352.937 0.501482
353.123 1.00746
353.309 0.448474
353.495 0.430625
353.681 0.071645
353.867 2.35155
354.053 1.69111
354.239 0.87673
354.425 0.00422652
354.611 0.504757
354.797 1.16263
354.983 1.78764
355.169 0.285297
355.355 0.056161
355.541 1.63908
355.727 4.75108
355.913 2.45144
356.099 0.013635
356.285 0.82444
356.471 1.21679
356.657 2.25776
356.843 0.00702755
357.029 0
357.215 0
357.401 0
357.587 0
357.773 0
357.96 0
358.146 0
358.332 0
358.518 0
358.704 0
358.89 0
359.076 0
359.262 0
359.448 0
359.634 0
359.82 0
360.006 0
360.192 0
360.378 0
360.564 0
360.75 0
360.936 0
361.122 0
361.308 0
361.494 0
361.68 0
361.866 0
362.052 0
362.238 0
362.424 0
362.61 0
362.796 0
362.982 0
363.168 0
363.354 0
363.54 0
363.727 0
363.913 0
364.099 0
364.285 0
364.471 0
364.657 0
364.843 0
365.029 0
365.215 0
365.401 0
365.587 0
365.773 0
365.959 0
366.145 0
366.331 0
