41.6271 -1270.97
41.8131 -906.725
41.9991 -1044.54
42.1851 -1162.66
42.3712 -936.293
42.5572 -1103.6
42.7432 -1123.27
42.9292 -975.688
43.1152 -1015.05
43.3012 -1182.27
43.4872 -838.036
43.6732 -1133.07
43.8592 -1457.49
44.0453 -1064.24
44.2313 -956.156
44.4173 -1201.76
44.6033 -995.51
44.7893 -907.21
44.9753 -1083.85
45.1613 -1064.23
45.3473 -1074.02
45.5333 -1093.58
45.7193 -1005.47
45.9054 -1093.53
46.0914 -1034.83
46.2774 -1054.38
46.4634 -927.326
46.6494 -1122.78
46.8354 -1103.24
47.0214 -1005.51
47.2074 -1025.06
47.3934 -839.223
47.5795 -1015.26
47.7655 -917.372
47.9515 -1054.41
48.1375 -1142.58
48.3235 -1309.2
48.5095 -946.602
48.6955 -1181.87
48.8815 -995.59
49.0675 -1093.65
49.2535 -966.16
49.4396 -1064.23
49.6256 -966.164
49.8116 -966.172
49.9976 -1152.47
50.1836 -858.373
50.3696 -1093.62
50.5556 -878.08
50.7416 -1122.96
50.9276 -1122.91
51.1137 -995.711
51.2997 -966.421
51.4857 -1034.82
51.6717 -1073.82
51.8577 -810.698
52.0437 -1034.75
52.2297 -1054.15
52.4157 -1015.25
52.6017 -1005.52
52.7878 -1024.88
52.9738 -840.833
53.1598 -1005.47
53.3458 -976.422
53.5318 -1121.67
53.7178 -1160.5
53.9038 -927.946
54.0898 -947.305
54.2758 -791.854
54.4619 -908.324
54.6479 -898.499
54.8339 -986.074
55.0199 -986.052
55.2059 -1220.19
55.3919 -1083.63
55.5779 -985.991
55.7639 -956.665
55.9499 -1142.33
56.136 -937.086
56.322 -1025.06
56.508 -1142.37
56.694 -1328.11
56.88 -917.524
57.066 -1259.66
57.252 -946.86
57.438 -946.866
57.624 -1034.83
57.8101 -946.88
57.9961 -1054.37
58.1821 -946.893
181.325 -2008.59
181.511 -2096
181.697 -1921.26
181.883 -1866.69
182.069 -2008.66
182.255 -2085.09
182.441 -1986.8
182.627 -2259.87
182.813 -1910.14
182.999 -2314.88
183.185 -2304.22
183.371 -2216.6
183.557 -2249.69
183.743 -2426.85
183.929 -2772.61
184.115 -2595.27
184.301 -2979.57
184.487 -2594.42
184.673 -2959.63
184.859 -3178.99
185.045 -3365.43
185.231 -3470.84
185.417 -3801.99
185.603 -3969.1
185.789 -4149.06
185.975 -4510.11
186.161 -4149.36
186.347 -4257.65
186.533 -3837.04
186.719 -3861.57
186.905 -4135.09
187.091 -3281.62
187.277 -3236.5
187.463 -2818.92
187.649 -2648.88
187.835 -2799.47
188.021 -2516.36
188.207 -2158.38
188.393 -2460.44
188.579 -2216.59
188.765 -2051.96
188.951 -2489.1
189.137 -1976.25
189.323 -2149.92
189.509 -2041.35
189.695 -2192.46
189.881 -2095.04
190.067 -1997.87
190.254 -1836.24
190.44 -1728.63
190.626 -1943.92
190.812 -1804.08
190.998 -1685.85
191.184 -1922.36
237.131 -1212.94
237.317 -1101.69
237.503 -1253.44
237.689 -1233.22
237.875 -1263.55
238.061 -1344.47
238.247 -1111.66
238.433 -1344.62
238.619 -1344.72
238.805 -1406.03
238.991 -1611.62
239.177 -1561.18
239.363 -1509.25
239.549 -1793.38
239.735 -1900.83
239.922 -2095.98
240.108 -2437.91
240.294 -2403.92
240.48 -2948.12
240.666 -3341.88
240.852 -3754.15
241.038 -3897.38
241.224 -4415.34
241.41 -4671.61
241.596 -5064.86
241.782 -4633.53
241.968 -5337.7
242.154 -4843.33
242.34 -4585.16
242.526 -4671.68
242.712 -3979.01
242.898 -4077.1
243.084 -3375.61
243.27 -3528.52
243.456 -3131.62
243.642 -2516.61
243.828 -2150.07
244.014 -1954.6
244.2 -1676.31
244.386 -1718.89
244.572 -1716.42
244.758 -1252.74
244.944 -1314.13
245.13 -1203.19
245.316 -1223.02
245.502 -1202.8
245.688 -1113.54
245.874 -1074.07
246.06 -1152.76
246.246 -936.578
246.432 -1113.27
246.618 -819.269
246.804 -1034.83
246.99 -1073.96
253.873 -1182.08
254.059 -1074.05
254.245 -1093.66
254.431 -1142.66
254.617 -946.635
254.803 -1113.18
254.99 -995.675
255.176 -995.694
255.362 -849.001
255.548 -809.952
255.734 -907.754
255.92 -1034.83
256.106 -1152.13
256.292 -1191.26
256.478 -1064.18
256.664 -1073.98
256.85 -917.254
257.036 -1093.66
257.222 -1093.71
257.408 -1133.1
257.594 -1182.46
257.78 -995.084
257.966 -1004.81
258.152 -1064.06
258.338 -1182.9
258.524 -1173.03
258.71 -1073.87
258.896 -1133.37
259.082 -1262.1
259.268 -1123.44
259.454 -1241.86
259.64 -837.679
259.826 -877.572
260.012 -1113.21
260.198 -1093.45
260.384 -917.873
260.57 -1092.99
260.756 -840.746
260.942 -1034.42
261.128 -957.076
261.314 -957.056
261.5 -1014.71
261.686 -889.777
261.872 -1081.59
262.058 -947.311
262.245 -985.551
262.431 -1023.72
262.617 -908.984
262.803 -994.889
262.989 -746.791
263.175 -832.683
263.361 -794.611
263.547 -813.708
263.733 -794.722
269.872 -701.012
270.058 -748.141
270.244 -785.834
270.43 -908.288
270.616 -870.606
270.802 -917.689
270.988 -870.601
271.174 -776.429
271.36 -964.798
271.546 -851.78
271.732 -653.849
271.918 -776.349
272.104 -700.76
272.29 -927.476
272.476 -908.672
272.662 -908.781
272.848 -899.37
273.034 -737.253
273.22 -842.015
273.406 -937.779
273.592 -1140.07
273.778 -986.068
273.964 -1121.81
274.15 -1073.57
274.336 -1180.84
274.522 -898.282
274.708 -771.342
274.894 -1064.09
275.08 -986.055
275.266 -976.358
275.452 -956.982
275.638 -976.423
275.824 -928.115
276.01 -1043.63
276.196 -880.229
276.382 -975.871
276.569 -804.159
276.755 -585.978
276.941 -776.097
277.127 -880.177
277.313 -908.369
277.499 -879.991
277.685 -889.302
277.871 -814.102
278.057 -860.992
278.243 -860.945
278.429 -832.804
278.615 -683.014
278.801 -729.848
278.987 -851.445
279.173 -729.899
279.359 -832.707
279.545 -804.668
279.731 -776.645
279.917 -785.983
280.103 -795.315
280.289 -795.311
280.475 -776.649
280.661 -832.613
280.847 -795.3
281.033 -674.089
281.219 -758.005
281.405 -841.888
281.591 -804.602
281.777 -730.063
281.963 -590.348
282.149 -767.331
282.335 -869.757
290.335 -665.132
290.521 -860.229
290.707 -758.032
290.893 -776.636
291.079 -655.443
291.265 -916.963
291.451 -710.631
291.637 -757.02
291.823 -985.721
292.009 -1034.77
292.195 -1063.89
292.381 -1304.05
292.567 -1644.94
292.753 -1868.64
292.939 -2371.22
293.125 -3106.74
293.311 -3646.5
293.497 -3836.49
293.683 -5053.18
293.869 -5285.79
294.055 -6642.77
294.241 -7967.77
294.427 -9013.84
294.613 -8839.95
294.799 -9333.74
294.985 -9846.01
295.171 -11289.1
295.357 -10035.7
295.543 -9955.54
295.729 -10306.1
295.915 -8427.72
296.101 -8785.59
296.287 -7055
296.473 -6310.28
296.659 -5551.24
296.846 -5036.83
297.032 -3873.18
297.218 -2890.27
297.404 -2639.81
297.59 -1922.13
297.776 -1687.48
297.962 -1365.18
298.148 -1083.64
298.334 -850.167
298.52 -994.59
298.706 -870.306
298.892 -730.234
299.078 -794.422
299.264 -647.875
299.45 -602.583
299.636 -675.162
299.822 -702.2
300.008 -611.921
300.194 -503.857
347.074 -567.377
347.26 -506.099
347.446 -602.514
347.632 -444.304
347.818 -496.71
348.004 -629.874
348.19 -593.637
348.376 -850.337
348.562 -757.15
348.748 -1064.1
348.934 -1425.21
349.12 -1855.06
349.306 -2226.75
349.492 -2765.11
349.678 -3459.2
349.864 -4087.26
350.05 -6292.19
350.236 -7145.73
350.422 -8469.82
350.608 -9548.79
350.794 -11110.1
350.98 -13149.7
351.166 -14030.6
351.352 -16674.7
351.538 -18165.5
351.724 -18472.3
351.91 -18618.2
352.096 -18516
352.282 -17556
352.468 -17179.5
352.654 -15569.9
352.841 -14769.3
353.027 -13313.3
353.213 -10920.8
353.399 -8961.65
353.585 -6795.45
353.771 -5538.23
353.957 -4586.11
354.143 -3506.18
354.329 -2787.96
354.515 -1954.3
354.701 -1498.83
354.887 -1032.9
355.073 -774.362
355.259 -656.217
355.445 -549.393
355.631 -471.472
355.817 -454.789
356.003 -345.832
356.189 -528.004
356.375 -346.796
356.561 -371.252
356.747 -468.125
381.862 -363.045
382.048 -379.182
382.234 -258.148
382.42 -346.903
382.606 -346.903
382.792 -371.104
382.978 -411.44
383.164 -346.903
383.35 -322.697
383.536 -435.685
383.722 -225.793
383.908 -290.355
384.094 -387.334
384.28 -355.001
384.466 -298.276
384.652 -290.071
384.838 -265.544
385.024 -436.509
385.21 -305.949
385.396 -412.283
385.582 -379.526
385.768 -437.186
385.954 -445.582
386.14 -462.279
386.326 -371.134
386.512 -454.232
386.699 -437.652
386.885 -421.009
387.071 -320.849
387.257 -370.91
387.443 -387.608
387.629 -471.146
387.815 -295.753
388.001 -387.63
388.187 -496.074
388.373 -387.669
388.559 -379.369
388.745 -396.026
388.931 -346.256
389.117 -503.675
389.303 -379.502
389.489 -313.585
389.675 -379.527
389.861 -387.717
390.047 -322.262
390.233 -379.457
390.419 -355.009
390.605 -476.706
390.791 -484.522
390.977 -282.275
391.163 -395.293
391.349 -411.322
391.535 -346.883
391.721 -314.728
391.907 -370.953
392.094 -298.706
392.28 -282.68
392.466 -322.789
392.652 -226.605
392.838 -402.928
393.024 -282.735
393.21 -362.848
393.396 -226.687
393.582 -402.878
393.768 -290.771
449.951 -186.001
450.137 -229.206
450.323 -150.021
450.509 -207.588
450.695 -128.484
450.881 -257.891
451.067 -200.383
451.253 -92.5899
451.439 -171.635
451.625 -121.294
451.811 -214.79
451.997 -164.386
452.183 -315.899
452.369 -265.541
452.555 -294.754
452.741 -134.947
452.927 -193.139
453.114 -215.096
453.3 -185.614
453.486 -229.919
453.672 -259.734
453.858 -229.964
454.044 -199.926
454.23 -260.055
454.416 -350.678
454.602 -207.219
454.788 -350.828
454.974 -169.496
455.16 -177.184
455.346 -244.972
455.532 -200.046
455.718 -274.609
455.904 -222.506
456.09 -222.465
456.276 -141.928
456.462 -164.102
456.648 -171.519
456.834 -142.859
457.02 -171.698
457.206 -71.9624
457.392 -171.772
457.578 -157.625
457.764 -221.233
457.951 -178.842
458.137 -171.791
458.323 -115.54
458.509 -206.918
458.695 -185.834
458.881 -185.837
459.067 -256.139
459.253 -178.827
459.439 -122.455
459.625 -200.046
459.811 -136.368
459.997 -228.624
460.183 -235.947
460.369 -157.351
460.555 -178.806
460.741 -185.975
460.927 -229.518
461.113 -127.488
461.299 -149.169
461.485 -273.864
461.671 -222.468
461.857 -222.478
462.043 -178.271
462.229 -193.031
462.415 -303.193
462.601 -178.491
462.788 -149.46
462.974 -207.698
463.16 -236.454
463.346 -257.667
463.532 -143.262
463.718 -143.467
463.904 -171.791
464.09 -73.7321
464.276 -171.735
464.462 -150.866
464.648 -233.875
464.834 -150.902
465.02 -205.919
465.206 -123.459
465.392 -144.055
465.578 -130.383
465.764 -150.897
465.95 -96.306
466.136 -171.336
466.322 -184.934
466.508 -137.267
466.694 -178.068
466.88 -96.5139
475.438 -157.781
475.624 -95.9472
475.81 -123.443
475.996 -205.805
476.182 -185.201
476.368 -150.906
476.554 -219.449
476.74 -171.467
476.927 -116.632
477.113 -130.332
477.299 -185.229
477.485 -116.536
477.671 -171.569
477.857 -116.359
478.043 -213.26
478.229 -171.723
478.415 -122.786
478.601 -122.527
478.787 -214.277
478.973 -186
479.159 -171.66
479.345 -258.211
479.531 -135.067
479.717 -244.266
479.903 -237.089
480.089 -222.459
480.275 -178.283
480.461 -193.012
480.647 -193.041
480.833 -193.091
481.019 -178.544
481.205 -280.332
481.392 -149.922
481.578 -214.66
481.764 -200.192
481.95 -157.694
482.136 -157.776
482.322 -164.747
482.508 -109.552
482.694 -212.541
482.88 -123.636
483.066 -150.85
483.252 -123.783
483.438 -130.561
483.624 -76.7075
483.81 -137.303
483.996 -83.3988
484.182 -130.548
484.368 -137.29
484.554 -164.505
484.74 -198.89
484.926 -123.261
485.112 -157.795
485.298 -178.832
485.484 -136.175
485.67 -186.006
485.856 -120.444
486.043 -259.2
486.229 -155.742
486.415 -237.443
486.601 -267.575
486.787 -343.326
486.973 -184.346
487.159 -252.591
487.345 -229.863
487.531 -290.264
487.717 -289.951
487.903 -244.833
488.089 -141.404
488.275 -185.872
488.461 -149.972
488.647 -257.157
488.833 -80.4287
489.019 -185.572
489.205 -198.929
489.391 -137.283
489.577 -110.416
489.763 -143.934
489.949 -157.063
490.135 -123.974
490.321 -123.963
490.507 -123.945
490.694 -97.9074
490.88 -104.439
491.066 -156.267
491.252 -78.6099
491.438 -169.056
491.624 -123.842
491.81 -104.501
491.996 -91.6345
575.157 -91.6007
575.343 -20.7419
575.53 -109.324
575.716 -73.887
575.902 -121.168
576.088 -56.1439
576.274 -121.239
576.46 -85.736
576.646 -56.0625
576.832 -26.2425
577.018 -67.8807
577.204 -127.828
577.39 -91.8874
577.576 -79.794
577.762 -49.1152
577.948 -116.736
578.134 -85.7336
578.32 -98.2189
578.506 -27.788
578.692 -117.409
578.878 -130.515
579.064 -143.842
579.25 -90.4429
579.436 -130.55
579.623 -130.472
579.809 -130.392
579.995 -164.623
580.181 -171.508
580.367 -185.215
580.553 -137.215
580.739 -137.257
580.925 -171.164
581.111 -130.575
581.297 -184.012
581.483 -117.346
581.669 -137.111
581.855 -123.94
582.041 -91.518
582.227 -117.375
582.413 -136.518
582.599 -28.156
582.785 -110.884
582.971 -129.8
583.157 -110.817
583.343 -73.1474
583.53 -85.7328
583.716 -116.893
583.902 -79.6071
584.088 -92.0052
584.274 -67.4248
584.46 -91.9811
584.646 -91.9562
584.832 -122.219
585.018 -85.8539
585.204 -115.89
585.39 -49.8802
585.576 -61.9111
585.762 -73.8662
585.948 -38.2025
586.134 -79.8138
586.32 -91.6655
586.506 -91.6506
586.692 -73.8846
586.878 -73.8854
587.064 -50.233
587.25 -67.9744
587.437 -97.5299
587.623 -67.9762
587.809 -97.5263
587.995 -67.9769
588.181 -85.706
604.367 -66.8741
604.553 -110.855
604.739 -117.331
604.925 -104.369
605.111 -191.026
605.297 -171.744
605.483 -280.886
605.669 -198.445
605.855 -346.78
606.041 -497.583
606.227 -665.811
606.413 -976.362
606.599 -1436.92
606.785 -1728.73
606.972 -2269.43
607.158 -3657.8
607.344 -4488.13
607.53 -5551.52
607.716 -6179.99
607.902 -8402.92
608.088 -9389.95
608.274 -10648
608.46 -11994.7
608.646 -14063.3
608.832 -14091.7
609.018 -15669.4
609.204 -15655.7
609.39 -16285.2
609.576 -16055.1
609.762 -14857.5
609.948 -12965.6
610.134 -12313.6
610.32 -10715
610.506 -10536.7
610.693 -8946.35
610.879 -7236.32
611.065 -5249.34
611.251 -4756.87
611.437 -3082.14
611.623 -2595.26
611.809 -2355.76
611.995 -1695.09
612.181 -1142.42
612.367 -711.813
612.553 -445.74
612.739 -282.312
612.925 -184.851
613.111 -185.736
613.297 -110.911
613.483 -43.2032
613.669 -62.2972
613.855 -84.1223
614.041 -35.3358
614.227 -56.0736
656.833 -35.0295
657.019 -45.8432
657.205 -56.629
657.391 -51.2374
657.577 -24.3563
657.763 -61.97
657.949 -35.1477
658.135 -56.5795
658.321 -56.5668
658.507 -67.2234
658.693 -67.1882
658.88 -61.8341
659.066 -40.5877
659.252 -24.7285
659.438 -45.8936
659.624 -51.1556
659.81 -45.8903
659.996 -35.4245
660.182 -66.7345
660.368 -19.8852
660.554 -51.0429
660.74 -35.5161
660.926 -30.3709
661.112 -45.8396
661.298 -50.9965
661.484 -35.5171
661.67 -40.6761
661.856 -40.6538
662.042 -19.4323
662.228 -61.9814
662.415 -40.2707
662.601 -90.3502
662.787 -79.5705
662.973 -79.8122
663.159 -104.232
663.345 -123.514
663.531 -150.077
663.717 -117.088
663.903 -192.502
664.089 -171.743
664.275 -171.241
664.461 -170.311
664.647 -199.48
664.833 -206.365
665.019 -291.17
665.205 -299.026
665.391 -322.578
665.577 -306.875
665.763 -283.395
665.95 -267.9
666.136 -222.032
666.322 -229.944
666.508 -288.843
666.694 -214.822
666.88 -178.802
667.066 -130.435
667.252 -130.58
667.438 -149.268
667.624 -73.4808
667.81 -73.859
667.996 -85.372
668.182 -62.3086
668.368 -62.1213
668.554 -45.8903
668.74 -14.6754
668.926 -15.1296
669.112 -20.4939
669.298 -20.6686
669.485 -30.6877
669.671 -50.3825
669.857 -25.8332
670.043 -35.6111
670.229 -35.6018
670.415 -59.8247
698.137 -50.6297
698.323 -50.6471
698.509 -20.5987
698.695 -55.7081
698.881 -35.627
699.067 -35.622
699.253 -25.4993
699.439 -5.13507
699.625 10.3535
699.811 -61.2385
699.997 -35.5007
700.183 -56.351
700.369 -104.15
700.555 -45.8625
700.742 -89.4466
700.928 -51.1657
701.114 -56.6661
701.3 -73.829
701.486 -50.3233
701.672 -43.7901
701.858 -98.1001
702.044 -91.9978
702.23 -91.91
702.416 -72.5826
702.602 -65.7641
702.788 -149.914
702.974 -123.946
703.16 -137.015
703.346 -117.421
703.532 -97.9539
703.718 -130.256
703.904 -98.174
704.09 -117.103
704.277 -98.2032
704.463 -128.56
704.649 -55.8561
704.835 -91.5486
705.021 -62.2712
705.207 -56.6449
705.393 -51.1216
705.579 -78.7649
705.765 -67.5661
705.951 -56.6228
706.137 -51.2194
706.323 -56.498
706.509 -14.2324
706.695 -14.3436
706.881 -82.6086
707.067 -30.1746
707.253 -40.6531
707.439 -45.8863
707.626 -61.5845
707.812 -19.7147
707.998 -45.8878
714.882 -81.3573
715.068 -30.5077
715.254 -66.1404
715.44 -35.5892
715.626 -40.686
715.812 -30.4712
715.998 -35.5713
716.184 -86.8445
716.37 -9.82694
716.556 -56.1743
716.742 -14.7371
716.928 -35.4427
717.114 -19.601
717.3 -40.5863
717.486 -45.8701
717.673 -40.3975
717.859 -51.22
718.045 -28.8901
718.231 -56.6826
718.417 -62.3149
718.603 -39.0389
718.789 -68.0114
718.975 -85.7621
719.161 -79.8287
719.347 -85.8618
719.533 -67.6179
719.719 -122.496
719.905 -85.8675
720.091 -98.0726
720.277 -98.027
720.463 -85.8586
720.649 -91.8174
720.835 -44.2001
721.022 -167.795
721.208 -39.065
721.394 -39.424
721.58 -45.3831
721.766 -12.1107
721.952 -51.2091
722.138 -78.473
722.324 -99.7769
722.51 -51.2238
722.696 -77.7447
722.882 -61.7297
723.068 -24.871
723.254 -40.6503
723.44 -40.6588
723.626 -19.7986
723.812 -66.7212
723.998 -14.6307
724.184 -35.4634
724.371 -30.2579
724.557 -77.115
724.743 -40.6687
758.233 -45.4622
758.419 -30.715
758.605 -55.2675
758.791 -55.2552
758.977 -20.9108
759.163 -30.7216
759.349 -35.624
759.535 -25.821
759.721 -16.0142
759.907 -30.7202
760.093 -35.6271
760.28 -20.8792
760.466 -45.4846
760.652 -15.8802
760.838 -40.5911
761.024 -35.6377
761.21 -40.6296
761.396 -15.563
761.582 -35.6219
761.768 -45.7443
761.954 -35.5909
762.14 -15.0987
762.326 -40.6884
762.512 -35.5275
762.698 -40.6826
762.884 -9.58216
763.07 -51.054
763.256 -14.7283
763.443 -82.1862
763.629 -66.6142
763.815 -40.6772
764.001 -66.6681
764.187 -66.7756
764.373 -35.3559
764.559 -29.8472
764.745 -62.1468
764.931 -56.7059
765.117 -62.2411
765.303 -116.113
765.489 -148.842
765.675 -137.232
765.861 -157.801
766.047 -215.035
766.233 -290.697
766.419 -354.547
766.606 -338.306
766.792 -412.151
766.978 -576.246
767.164 -611.94
767.35 -730.245
767.536 -870.359
767.722 -823.27
767.908 -1005.09
768.094 -1024.82
768.28 -1063.81
768.466 -1044.37
768.652 -976.414
768.838 -832.187
769.024 -747.423
769.21 -767.28
769.396 -739.368
769.582 -603.029
769.769 -567.327
769.955 -378.506
770.141 -363.135
770.327 -275.422
770.513 -192.184
770.699 -171.59
770.885 -116.608
771.071 -117.421
771.257 -104.384
771.443 -79.7714
771.629 -73.5285
771.815 -61.9692
772.001 -56.1917
772.187 -30.6223
772.373 -30.7299
772.559 -25.9566
772.745 -16.5486
772.932 -16.6663
773.118 -35.3505
773.304 -30.6798
781.118 -45.8933
781.304 -51.1765
781.49 -56.4559
781.676 -61.7405
781.862 -51.1809
782.048 -72.3846
782.234 -45.8883
782.421 -72.6022
782.607 -35.084
782.793 -29.4869
782.979 -78.7467
783.165 -23.1546
783.351 -62.3256
783.537 -15.7274
783.723 -73.8739
783.909 -61.5288
784.095 -85.7606
784.281 -79.0275
784.467 -97.8527
784.653 -130.603
784.839 -198.322
785.025 -171.572
785.211 -136.854
785.398 -157.699
785.584 -171.779
785.77 -178.874
785.956 -228.649
786.142 -235.531
786.328 -199.912
786.514 -171.713
786.7 -137.191
786.886 -96.8605
787.072 -163.608
787.258 -91.5708
787.444 -66.7386
787.63 -104.259
787.816 -67.8915
788.002 -68.0506
788.188 -67.9798
788.374 -23.6595
788.561 -51.2374
788.747 -19.5291
788.933 -25.1407
789.119 -40.6864
789.305 -75.9566
789.491 -40.6291
789.677 -15.8183
789.863 -55.3304
790.049 -45.4256
790.235 -45.3785
790.421 -50.2037
790.607 -35.5971
790.793 -25.9081
790.979 -11.4347
791.165 -30.7523
801.213 -35.3022
801.399 1.78973
801.585 -26.0452
801.771 -26.0392
801.957 -21.3289
802.143 -16.5495
802.329 -25.9814
802.515 -50.0378
802.701 -55.162
802.887 -55.5073
803.073 -20.4079
803.259 -25.1193
803.445 -93.8134
803.631 -29.2945
803.817 -67.984
804.004 -62.1981
804.19 -91.8827
804.376 -104.443
804.562 -91.7034
804.748 -123.975
804.934 -184.621
805.12 -171.627
805.306 -228.138
805.492 -186.012
805.678 -164.251
805.864 -193.152
806.05 -171.091
806.236 -222.438
806.422 -185.791
806.608 -178.625
806.794 -214.827
806.981 -129.083
807.167 -150.775
807.353 -171.493
807.539 -123.878
807.725 -91.2273
807.911 -117.294
808.097 -116.803
808.283 -97.902
808.469 -103.184
808.655 -73.7335
808.841 -34.4554
809.027 -24.009
809.213 -56.5677
809.399 -35.3657
809.585 -40.6722
809.771 -35.5329
809.957 -61.1717
810.144 -45.7844
810.33 -50.8534
810.516 -55.9162
810.702 -20.3735
810.888 -35.6022
811.074 -20.3565
834.146 -10.7783
834.332 -0.814112
834.518 -60.5318
834.704 -30.6525
834.89 -40.6288
835.076 -70.6619
835.262 -45.6695
835.448 -35.6224
835.634 -20.3998
835.82 -61.112
836.006 -25.2267
836.192 -25.0313
836.378 -51.1757
836.564 -35.1375
836.75 -45.7759
836.936 -78.9723
837.123 -96.3742
837.309 -97.0049
837.495 -32.5321
837.681 -79.8243
837.867 -36.8016
838.053 -129.387
838.239 -155.103
838.425 -123.72
838.611 -65.7885
838.797 -182.308
838.983 -104.404
839.169 -78.3717
839.355 -104.44
839.541 -175.434
839.727 -85.3628
839.914 -91.9012
840.1 -91.9929
840.286 -73.5991
840.472 -19.6011
840.658 -44.3448
840.844 -68.0528
841.03 -85.0422
841.216 -62.2897
841.402 -78.5708
841.588 -78.1189
841.774 -40.5954
841.96 -82.491
842.146 -4.46614
842.332 -35.5594
842.518 -40.6847
842.704 -50.8139
842.891 -20.47
843.077 -45.6962
843.263 -35.6281
843.449 -60.7304
843.635 -20.5832
843.821 -25.6047
844.007 -40.6446
855.729 -16.1227
855.915 -55.1375
856.101 -16.0597
856.287 -16.0285
856.473 -35.6261
856.659 -40.5442
856.845 -30.7082
857.031 -25.7724
857.217 -20.8237
857.403 -40.5784
857.59 -50.4793
857.776 -50.4911
857.962 -55.4531
858.148 -35.6371
858.334 -35.6371
858.52 -45.5447
858.706 -25.7342
858.892 -25.7409
859.078 -35.6357
859.264 -35.6349
859.45 -40.5686
859.636 -10.9786
859.822 -75.0622
860.008 -20.8476
860.194 -50.4241
860.381 -30.6991
860.567 -45.5211
860.753 -20.7767
860.939 -15.7699
861.125 -35.6372
861.311 -35.6348
861.497 -40.6508
861.683 -40.6638
861.869 -40.6743
862.055 -5.09328
862.241 -45.7914
862.427 -56.0621
862.613 -20.1155
862.799 -71.6489
862.985 -45.8581
863.171 -51.0589
863.358 -66.6943
863.544 -51.0979
863.73 -14.5139
863.916 -51.1273
864.102 -30.1441
864.288 -61.6665
864.474 -40.6263
864.66 -8.96637
864.846 -35.3265
865.032 -61.7673
865.218 -35.2935
865.404 -67.1185
929.225 -50.1237
929.411 -6.44365
929.597 -45.3812
929.783 -11.0469
929.969 -20.7457
930.155 -55.7447
930.342 -66.2726
930.528 -98.1873
930.714 -29.7466
930.9 -40.0934
931.086 -62.3042
931.272 -49.9894
931.458 -67.153
931.644 -72.1168
931.83 -137.303
932.016 -248.76
932.202 -106.108
932.388 -252.466
932.574 -260.168
932.76 -362.506
932.946 -411.911
933.133 -362.878
933.319 -277.819
933.505 -642.373
933.691 -437.387
933.877 -488.973
934.063 -532.256
934.249 -566.781
934.435 -497.598
934.621 -463.3
934.807 -429.428
934.993 -445.706
935.179 -403.709
935.365 -227.634
935.551 -267.91
935.737 -155.087
935.924 -200.446
936.11 -157.786
936.296 -170.898
936.482 -72.2059
936.668 -92.0041
936.854 -55.9931
937.04 -96.7234
937.226 -62.262
937.412 -72.7193
937.598 -40.6538
937.784 -25.3217
937.97 -50.7358
938.156 -30.6637
938.342 -15.9197
938.529 -50.31
938.715 -35.6107
938.901 -30.7424
959.182 -17.2458
959.368 -25.8117
959.554 -30.1421
959.74 -21.5391
959.927 -25.8903
960.113 -8.43912
960.299 -30.3457
960.485 0.606042
960.671 -21.5373
960.857 -30.5465
961.043 -21.4799
961.229 -26.0501
961.415 -21.3254
961.601 -40.3188
961.787 -25.866
961.973 -30.6702
962.159 -50.8138
962.345 -51.0277
962.532 -19.5111
962.718 -40.4803
962.904 -34.8074
963.09 -67.8452
963.276 -67.9652
963.462 -96.548
963.648 -62.2953
963.834 -56.4711
964.02 -102.914
964.206 -62.2336
964.392 -44.8408
964.578 -44.9515
964.764 -96.7154
964.95 -33.924
965.137 -34.2335
965.323 -56.7228
965.509 -51.2312
965.695 -51.2387
965.881 -72.4384
966.067 -61.5868
966.253 -71.6595
966.439 -45.784
966.625 -45.7074
966.811 -45.6286
966.997 -30.6783
967.183 -35.6332
967.369 -50.3569
967.555 -25.8292
967.742 -20.9529
967.928 -30.7313
968.114 -55.1613
968.3 3.49823
968.486 -35.6213
968.672 -1.30672
968.858 -35.6274
969.044 -50.3898
1047.01 -0.936762
1047.19 -0.931524
1047.38 -17.2601
1047.57 -49.968
1047.75 -13.1685
1047.94 -17.2649
1048.13 -13.1521
1048.31 -13.1376
1048.5 -8.96216
1048.68 -25.6371
1048.87 -17.2633
1049.06 -30.0468
1049.24 -34.5024
1049.43 -12.7783
1049.61 -17.0815
1049.8 -16.9608
1049.99 -30.6781
1050.17 -30.7377
1050.36 -45.1895
1050.54 -6.20076
1050.73 -60.5957
1050.92 -55.8974
1051.1 -71.5579
1051.29 -66.6978
1051.47 -61.6505
1051.66 -35.3216
1051.85 -40.5881
1052.03 -40.5865
1052.22 -24.7331
1052.4 -51.1521
1052.59 -14.5927
1052.78 -56.1538
1052.96 -30.5118
1053.15 -5.60457
1053.34 -55.2986
1053.52 -16.2766
1053.71 -16.5501
1053.89 -21.4118
1054.08 -26.0434
1054.27 -26.0025
1054.45 -43.4823
1054.64 -17.2188
1054.82 -8.73095
1055.01 -4.63485
1055.2 -8.93136
1055.38 -0.721176
1055.57 -13.1549
1055.75 -21.3545
1055.94 -9.10291
1056.13 -29.4543
1056.31 -1.01644
1056.5 -41.5668
1056.68 -21.2961
1056.87 -17.246
1065.06 -29.9989
1065.24 -8.76571
1065.43 -21.4997
1065.62 -0.289682
1065.8 -13.0149
1065.99 -17.2563
1066.17 -25.7522
1066.36 -4.48226
1066.55 -8.71075
1066.73 -12.9548
1066.92 -25.8384
1067.1 -34.542
1067.29 -30.2835
1067.48 -30.3664
1067.66 -39.3643
1067.85 -17.0111
1068.04 -44.3159
1068.22 -63.0778
1068.41 -16.6497
1068.59 -11.732
1068.78 -30.7527
1068.97 -25.8683
1069.15 -50.3869
1069.34 -35.6374
1069.52 -20.6667
1069.71 -45.6517
1069.9 -40.6478
1070.08 -10.5732
1070.27 -40.6305
1070.45 -15.7756
1070.64 -20.8559
1070.83 -40.4866
1071.01 -21.1188
1071.2 -45.004
1071.38 -44.766
1071.57 -53.7144
1071.76 -16.9641
1071.94 -26.0056
1072.13 -12.7482
1072.32 -17.2043
1072.5 -8.67454
1072.69 -17.26
1072.87 -4.69923
1073.06 -13.1176
1073.25 -21.3914
1073.43 -9.06815
1073.62 -21.3351
1073.8 -9.1311
1073.99 -1.05924
1074.18 -17.2413
1074.36 -21.2627
1074.55 -21.2505
1074.73 -25.2506
1074.92 -17.2247
1115.3 -21.5333
1115.49 -3.35593
1115.67 -26.0506
1115.86 -35.5052
1116.04 -40.5689
1116.23 -66.5222
1116.42 -89.4195
1116.6 -44.8854
1116.79 -92.0051
1116.97 -163.441
1117.16 -171.772
1117.35 -215.076
1117.53 -259.721
1117.72 -304.916
1117.9 -567.059
1118.09 -629.865
1118.28 -757.558
1118.46 -956.79
1118.65 -1162.94
1118.83 -1385.41
1119.02 -1814.33
1119.21 -1803.93
1119.39 -2150.69
1119.58 -2615.46
1119.76 -2841.54
1119.95 -2482.71
1120.14 -2516.04
1120.32 -2821.85
1120.51 -2810.25
1120.7 -2719.26
1120.88 -2505.41
1121.07 -2349.07
1121.25 -2150.39
1121.44 -1804.38
1121.63 -1488.1
1121.81 -1487.91
1122 -1063.76
1122.18 -928.168
1122.37 -628.059
1122.56 -433.757
1122.74 -361.17
1122.93 -282.217
1123.11 -260.232
1123.3 -157.292
1123.49 -137.298
1123.67 -98.2248
1123.86 -62.2863
1124.04 -45.8884
1124.23 -6.24206
1124.42 -21.5151
1124.6 -0.516253
1124.79 -17.1545
1124.98 -20.5535
1125.16 -27.0708
1128.7 -20.9917
1128.88 -24.872
1129.07 -9.36319
1129.26 -21.0092
1129.44 2.31337
1129.63 -24.934
1129.81 2.39049
1130 -1.47163
1130.19 -1.40974
1130.37 -13.2324
1130.56 -21.2219
1130.74 -25.3212
1130.93 -29.5187
1131.12 -17.2704
1131.3 -0.454348
1131.49 -21.5172
1131.67 -34.5859
1131.86 -25.9732
1132.05 -30.5326
1132.23 -26.0507
1132.42 -26.0438
1132.6 -16.5468
1132.79 -35.5489
1132.98 -16.1996
1133.16 -16.055
1133.35 -40.5515
1133.53 -20.8231
1133.72 -35.635
1133.91 -55.3441
1134.09 -11.1114
1134.28 -25.8763
1134.47 -54.8247
1134.65 -35.5032
1134.84 -40.0923
1135.02 -44.4954
1135.21 -7.90931
1135.4 -25.9947
1135.58 -8.4301
1135.77 -25.8257
1135.95 -38.3897
1136.14 -13.1104
1136.33 -9.05877
1136.51 -21.3025
1136.7 2.82839
1136.88 -13.2299
1137.07 -1.38904
1137.26 -17.1681
1137.44 -17.1531
1137.63 -13.2427
1137.81 -21.0213
1138 -5.4773
1138.19 -24.8763
1138.37 -5.49284
1138.56 -17.1146
1150.28 -36.7033
1150.47 2.44769
1150.65 2.52016
1150.84 -5.30381
1151.03 -5.22238
1151.21 -17.2468
1151.4 -25.4895
1151.58 -17.2686
1151.77 -43.0203
1151.96 -21.5479
1152.14 -44.351
1152.33 -16.5047
1152.52 -25.7572
1152.7 -56.1234
1152.89 -56.5919
1153.07 -34.388
1153.26 -56.4466
1153.45 -49.7441
1153.63 -98.2179
1153.82 -136.576
1154 -196.363
1154.19 -144.035
1154.38 -192.072
1154.56 -150.832
1154.75 -94.2978
1154.93 -185.971
1155.12 -193.122
1155.31 -143.252
1155.49 -178.873
1155.68 -136.579
1155.86 -192.611
1156.05 -144.049
1156.24 -117.121
1156.42 -137.125
1156.61 -98.1292
1156.8 -154.143
1156.98 -49.7736
1157.17 -97.0372
1157.35 -12.0981
1157.54 -40.5137
1157.73 -50.9729
1157.91 -55.384
1158.1 -16.5047
1158.28 -7.74194
1158.47 -21.5474
1158.66 -30.1372
1158.84 -21.4679
1159.03 -17.2679
1159.21 3.0309
1159.4 -13.2181
1159.59 -13.2304
1159.77 -13.2366
1159.96 -17.1736
1160.14 -28.9312
1168.33 -9.27945
1168.52 -5.32218
1168.7 -21.1496
1168.89 -40.9413
1169.08 -13.2347
1169.26 -9.2742
1169.45 -25.1195
1169.63 -9.26984
1169.82 -17.1991
1170.01 -5.29368
1170.19 -25.1499
1170.38 -9.25225
1170.57 -1.27945
1170.75 -17.215
1170.94 -9.22689
1171.12 -1.20664
1171.31 -21.2431
1171.5 -5.16618
1171.68 -9.17426
1171.87 -5.11594
1172.05 -17.2489
1172.24 -21.3148
1172.43 -37.6086
1172.61 -9.10252
1172.8 -25.4268
1172.98 -17.261
1173.17 -25.4402
1173.36 -21.3508
1173.54 -0.912
1173.73 -13.1765
1173.91 -17.2581
1174.1 -13.1851
1174.29 -25.3779
1174.47 -13.1956
1174.66 -17.2453
1174.85 -9.17092
1175.03 -21.2625
1175.22 -5.17976
1175.4 -1.18945
1175.59 -5.21596
1175.78 -13.2233
1175.96 -21.2074
1176.15 -37.1476
1176.33 6.68879
1176.52 6.67426
1176.71 -5.27234
1176.89 -33.1149
1177.08 -25.158
1177.26 -33.1066
1177.45 -17.2053
1177.64 -5.2813
1177.82 -21.1798
1178.01 -13.2306
1178.19 -17.2054
1202.76 5.83983
1202.94 -9.41795
1203.13 2.03125
1203.32 -13.2338
1203.5 -9.40901
1203.69 -17.0742
1203.87 -20.9439
1204.06 -28.7352
1204.25 -13.2426
1204.43 -1.42179
1204.62 -13.2271
1204.8 -13.2019
1204.99 -25.4868
1205.18 -0.517262
1205.36 -38.619
1205.55 -21.5487
1205.73 -48.358
1205.92 -67.2098
1206.11 2.02128
1206.29 -30.7527
1206.48 -69.7105
1206.67 -30.6797
1206.85 -50.7239
1207.04 -50.8744
1207.22 -4.69237
1207.41 -40.6824
1207.6 -51.0544
1207.78 -19.9345
1207.97 -30.3519
1208.15 -25.2998
1208.34 -25.4487
1208.53 -35.633
1208.71 -20.846
1208.9 -25.9118
1209.08 -44.9538
1209.27 -39.9398
1209.46 -21.5138
1209.64 -21.5495
1209.83 -17.229
1210.01 -29.8671
1210.2 -17.2653
1210.39 -17.2329
1210.57 -13.238
1210.76 -24.8775
1210.95 -13.2347
1211.13 -1.88544
1211.32 -1.97872
1211.5 -13.1883
1211.69 -9.48383
1211.88 -24.1773
1212.06 5.13956
1212.25 -13.1421
1212.43 -5.85824
1212.62 -9.49768
1233.28 -9.18004
1233.46 -21.3219
1233.65 -17.2692
1233.83 -21.4811
1234.02 -25.8834
1234.21 -17.0215
1234.39 -68.3731
1234.58 -35.6364
1234.76 -30.1986
1234.95 -23.4911
1235.14 -56.2781
1235.32 -85.7876
1235.51 -84.607
1235.69 -150.897
1235.88 -164.256
1236.07 -275.23
1236.25 -251.917
1236.44 -403.799
1236.63 -479.719
1236.81 -480.393
1237 -646.767
1237.18 -647.903
1237.37 -502.066
1237.56 -721.03
1237.74 -813.835
1237.93 -729.898
1238.11 -926.434
1238.3 -711.196
1238.49 -841.747
1238.67 -859.396
1238.86 -693.467
1239.04 -540.189
1239.23 -567.508
1239.42 -454.572
1239.6 -387.519
1239.79 -428.11
1239.97 -259.845
1240.16 -214.873
1240.35 -200.401
1240.53 -185.137
1240.72 -78.5397
1240.91 -73.6706
1241.09 -68.0339
1241.28 -24.5572
1241.46 -20.7618
1241.65 -7.63465
1241.84 -21.5198
1242.02 -21.197
1242.21 -20.6622
1242.39 -20.0527
1242.58 -6.07366
1242.77 -2.88571
1242.95 -6.0772
1276.08 0.680786
1276.26 -2.64726
1276.45 4.29029
1276.63 -19.9442
1276.82 -13.0404
1277.01 -5.88866
1277.19 -9.48152
1277.38 -24.63
1277.56 -21.0897
1277.75 -13.1861
1277.94 -29.9613
1278.12 -12.7147
1278.31 -39.8981
1278.49 -21.101
1278.68 -30.5811
1278.87 -66.9279
1279.05 -62.1759
1279.24 -62.3284
1279.43 -21.0056
1279.61 -110.09
1279.8 -91.9982
1279.98 -98.1839
1280.17 -123.898
1280.36 -71.3183
1280.54 -123.947
1280.73 -137.297
1280.91 -177.679
1281.1 -117.119
1281.29 -117.19
1281.47 -123.952
1281.66 -104.248
1281.84 -110.934
1282.03 -168.122
1282.22 -73.3433
1282.4 -97.9904
1282.59 -44.4315
1282.77 -79.4508
1282.96 -67.7634
1283.15 -45.8839
1283.33 -81.8233
1283.52 -5.87461
1283.71 -45.1263
1283.89 -26.0492
1284.08 -21.5236
1284.26 -21.5499
1284.45 -21.5273
1284.64 -38.3579
1284.82 -17.271
1285.01 -29.6352
1285.19 -4.97849
1285.38 3.13092
1285.57 -13.1862
1285.75 -13.1881
1285.94 -9.11967
1327.62 -19.7647
1327.81 -2.61058
1327.99 -9.46345
1328.18 -9.46156
1328.37 -2.62893
1328.55 -9.45869
1328.74 -16.2809
1328.93 -16.2806
1329.11 -6.04578
1329.3 -6.044
1329.48 -2.61902
1329.67 7.68395
1329.86 -9.47132
1330.04 0.886506
1330.23 -6.01181
1330.41 -16.4661
1330.6 -2.47365
1330.79 -2.43349
1330.97 -2.39036
1331.16 -13.0787
1331.34 -38.2978
1331.53 -5.87944
1331.72 -9.49679
1331.9 -27.7468
1332.09 5.14618
1332.27 -16.8188
1332.46 1.49545
1332.65 -5.83785
1332.83 -16.7815
1333.02 -13.1235
1333.21 -2.29609
1333.39 -5.92575
1333.58 -13.0437
1333.76 -5.98167
1333.95 -2.53005
1334.14 -16.3556
1334.32 -12.8625
1334.51 -6.064
1334.69 -6.07554
1334.88 0.536555
1335.07 -6.08927
1335.25 -2.83507
1335.44 -12.5642
1335.62 -12.525
1335.81 -6.09383
1336 3.45545
1336.18 -9.26069
1336.37 -2.93221
1336.55 -2.94105
1336.74 0.188563
1336.93 -6.08434
1337.11 -6.08245
1337.3 -9.19317
1337.49 -12.289
1372.84 6.78317
1373.03 -19.2402
1373.22 -9.44087
1373.4 -19.99
1373.59 -16.7987
1373.77 -20.9194
1373.96 -0.994135
1374.15 -17.2156
1374.33 -2.9971
1374.52 -20.866
1374.7 -56.3859
1374.89 -28.8088
1375.08 -103.467
1375.26 -123.209
1375.45 -123.97
1375.63 -123.447
1375.82 -128.824
1376.01 -244.739
1376.19 -290.825
1376.38 -251.886
1376.56 -290.564
1376.75 -412.338
1376.94 -412.667
1377.12 -404.113
1377.31 -573.886
1377.5 -369.244
1377.68 -548.903
1377.87 -497.478
1378.05 -514.293
1378.24 -479.978
1378.43 -279.514
1378.61 -363.132
1378.8 -419.118
1378.98 -306.881
1379.17 -237.342
1379.36 -170.773
1379.54 -171.743
1379.73 -178.294
1379.91 -97.766
1380.1 -148.132
1380.29 -50.2075
1380.47 -39.9147
1380.66 -40.6088
1380.84 -25.6657
1381.03 -16.6005
1381.22 -21.5366
1381.4 -38.6127
1381.59 -21.3942
1381.78 -13.2089
1381.96 -13.2271
1382.15 -21.207
1382.33 -5.12395
1382.52 -0.767307
1382.71 -21.4979
1382.89 -21.5494
1383.08 -35.0945
1383.26 -49.4772
1383.45 -21.0425
1383.64 -40.6441
1383.82 -35.5194
1384.01 -61.8157
1384.19 -29.4867
1384.38 -101.139
1384.57 -62.3278
1384.75 -33.6938
1384.94 -62.2735
1385.13 -62.2343
1385.31 -132.134
1385.5 -44.7806
1385.68 -79.6238
1385.87 -56.5779
1386.06 -28.3719
1386.24 -45.5861
1386.43 -34.8617
1386.61 -77.8794
1386.8 -51.0644
1386.99 -25.526
1387.17 -30.7277
1387.36 -35.4784
1387.54 -3.15868
1387.73 -30.4007
1387.92 -42.939
1388.1 -4.81605
1388.29 -17.2405
1388.47 -13.2399
1388.66 -17.0852
1388.85 -9.44377
1389.03 -2.03191
1389.22 -13.1652
1389.41 -24.0789
1389.59 -5.87533
1389.78 -9.5002
1389.96 -13.0992
1390.15 -2.31495
1396.66 -15.9252
1396.85 -12.6826
1397.04 3.89801
1397.22 -2.70275
1397.41 0.789108
1397.59 -26.9115
1397.78 -9.50093
1397.97 -5.80502
1398.15 -5.60599
1398.34 -9.26556
1398.52 -4.84348
1398.71 -21.5424
1398.9 -16.9553
1399.08 -49.7926
1399.27 -50.5834
1399.45 -56.2795
1399.64 -34.9872
1399.83 -34.203
1400.01 -50.5996
1400.2 -103.797
1400.38 -104.298
1400.57 -73.0907
1400.76 -91.7377
1400.94 -123.905
1401.13 -143.629
1401.32 -137.164
1401.5 -163.628
1401.69 -130.573
1401.87 -137.093
1402.06 -71.9178
1402.25 -72.4547
1402.43 -136.056
1402.62 -73.4844
1402.8 -121.983
1402.99 -32.9019
1403.18 -68.002
1403.36 -45.7415
1403.55 -8.85378
1403.73 -61.1111
1403.92 -50.4473
1404.11 -25.9563
1404.29 -2.54061
1404.48 -16.7476
1404.67 -72.6404
1404.85 -68.579
1405.04 -50.1653
1405.22 -30.5999
1405.41 -40.6523
1405.6 -18.4457
1405.78 -85.1443
1405.97 -44.1324
1406.15 -116.744
1406.34 -85.3018
1406.53 -130.588
1406.71 -178.104
1406.9 -157.793
1407.08 -214.455
1407.27 -178.739
1407.46 -222.408
1407.64 -237.278
1407.83 -274.501
1408.01 -170.456
1408.2 -244.768
1408.39 -185.617
1408.57 -266.155
1408.76 -149.998
1408.95 -108.11
1409.13 -123.184
1409.32 -110.303
1409.5 -110.86
1409.69 -104.544
1409.88 -67.5739
1410.06 -120.665
1410.25 -79.062
1410.43 -77.8001
1410.62 -40.6682
1410.81 -11.6098
1410.99 -3.37432
1411.18 -21.5289
1411.36 -5.01157
1411.55 -5.45379
1411.74 -9.46618
1411.92 -5.89852
1412.11 -9.48992
1412.3 -16.2888
1412.48 -16.1303
1412.67 0.530964
1412.85 -6.09038
1455.84 -20.1118
1456.03 -5.95535
1456.21 -2.39718
1456.4 -5.93819
1456.59 1.23153
1456.77 -13.099
1456.96 -9.49843
1457.14 -16.8143
1457.33 -9.47806
1457.52 -16.9758
1457.7 -28.5529
1457.89 -5.4252
1458.07 -5.22288
1458.26 -9.0615
1458.45 -17.2652
1458.63 -25.8722
1458.82 -43.8115
1459.01 -12.3154
1459.19 -21.3277
1459.38 -25.9335
1459.56 -40.5619
1459.75 -75.8618
1459.94 -35.571
1460.12 -25.1047
1460.31 -35.394
1460.49 -45.8932
1460.68 -67.136
1460.87 -24.6242
1461.05 -35.287
1461.24 -56.4341
1461.42 -40.6613
1461.61 -9.75592
1461.8 -20.3822
1461.98 -20.6984
1462.17 -50.2324
1462.36 -68.8243
1462.54 -49.2412
1462.73 -26.0314
1462.91 -34.721
1463.1 -30.0538
1463.29 -4.80971
1463.47 -5.10653
1463.66 -5.33775
1463.84 -5.51363
1464.03 -9.43482
1464.22 -9.46894
1464.4 1.54472
1464.59 -13.1336
1464.77 -13.1054
1464.96 -20.2431
1465.15 -5.93808
1465.33 -5.95044
1465.52 -16.5764
1465.7 -5.96501
1504.23 -17.1222
1504.41 10.0711
1504.6 6.2569
1504.79 -5.39042
1504.97 -29.0916
1505.16 -33.3193
1505.34 -4.96785
1505.53 -34.0651
1505.72 -17.2143
1505.9 -26.0109
1506.09 -16.7443
1506.27 -50.1356
1506.46 -30.5521
1506.65 -72.322
1506.83 -45.6851
1507.02 -96.7984
1507.21 -145.59
1507.39 -48.6172
1507.58 -149.37
1507.76 -156.96
1507.95 -177.915
1508.14 -199.343
1508.32 -143.581
1508.51 -193.172
1508.69 -164.238
1508.88 -163.96
1509.07 -156.453
1509.25 -200.423
1509.44 -207.756
1509.62 -222.249
1509.81 -85.3428
1510 -150.508
1510.18 -171.729
1510.37 -144.07
1510.56 -84.0878
1510.74 -227.056
1510.93 -73.2784
1511.11 -91.8393
1511.3 -91.0885
1511.49 -51.2136
1511.67 -14.4656
1511.86 -25.6983
1512.04 -26.0263
1512.23 -12.6465
1512.42 -13.0614
1512.6 -9.24834
1512.79 -9.44273
1512.97 -9.50074
1513.16 -2.58147
1513.35 -19.3504
1513.53 3.53724
1513.72 -2.95977
1513.9 -9.11317
1514.09 -12.0227
1533.63 -13.0232
1533.82 -5.96992
1534 -16.5529
1534.19 -13.0304
1534.38 -2.41454
1534.56 -16.6121
1534.75 -20.23
1534.93 4.91596
1535.12 -20.4178
1535.31 -2.11159
1535.49 -16.9481
1535.68 -9.42101
1535.86 -9.35496
1536.05 -5.28094
1536.24 -13.1856
1536.42 -4.75741
1536.61 -8.69105
1536.8 -12.7858
1536.98 -12.5587
1537.17 -21.465
1537.35 -21.3599
1537.54 -2.18189
1537.73 -30.7499
1537.91 -40.5112
1538.1 -35.6343
1538.28 -50.5302
1538.47 -25.6838
1538.66 -35.6377
1538.84 -35.6371
1539.03 -15.946
1539.21 -35.6107
1539.4 -59.6468
1539.59 -11.7541
1539.77 -54.0911
1539.96 -30.652
1540.15 -21.5092
1540.33 -34.925
1540.52 -52.3993
1540.7 -47.7533
1540.89 -4.1616
1541.08 -43.2615
1541.26 -30.268
1541.45 -30.339
1541.63 5.11256
1541.82 -35.0282
1542.01 -16.9164
1542.19 -16.7877
1542.38 -2.56386
1542.56 -44.996
1542.75 -25.9582
1542.94 -11.4331
1543.12 -50.1427
1543.31 -69.5747
1543.5 -35.59
1543.68 -25.9385
1543.87 -11.6718
1544.05 -16.6037
1544.24 -12.1438
1544.43 -39.6842
1544.61 -12.65
1544.8 -21.5427
1544.98 -34.1438
1545.17 -17.2638
1545.36 -17.2052
1545.54 -5.53631
1545.73 1.73135
1545.91 -9.49913
1546.1 -16.5244
1546.29 -26.5629
1546.47 7.26648
1546.66 -9.35451
1546.84 6.70572
1547.03 -15.5299
1547.22 -2.97444
1547.4 -12.2021
1547.59 -3.01645
1547.78 -9.05817
1547.96 2.94967
1548.15 -0.0689497
1548.33 -3.05268
1578.3 4.52695
1578.48 -5.59789
1578.67 -8.2463
1578.85 -5.71218
1579.04 -0.391655
1579.23 -14.1082
1579.41 -3.08732
1579.6 -0.157717
1579.79 2.99076
1579.97 -6.08313
1580.16 -9.34247
1580.34 0.718558
1580.53 -9.49803
1580.72 -9.48158
1580.9 -24.8237
1581.09 -5.15435
1581.27 -0.494572
1581.46 -12.8364
1581.65 -30.5383
1581.83 1.87297
1582.02 -25.969
1582.2 -25.8222
1582.39 -20.6335
1582.58 -50.8461
1582.76 -40.6879
1582.95 -40.6774
1583.14 -45.8784
1583.32 -66.7405
1583.51 -61.4672
1583.69 -76.8228
1583.88 -35.5791
1584.07 -45.6967
1584.25 -5.94528
1584.44 -45.2873
1584.62 -26.0095
1584.81 -12.2169
1585 -26.0153
1585.18 -8.48907
1585.37 -34.1508
1585.55 -29.5497
1585.74 -29.1351
1585.93 -9.3748
1586.11 1.86083
1586.3 -16.8562
1586.49 -16.7305
1586.67 -5.94101
1586.86 -16.5263
1587.04 -6.00222
1587.23 -6.01678
1587.42 4.32514
1587.6 -2.58463
1587.79 -12.9157
1587.97 -2.57999
1588.16 -16.3833
1589.83 -3.05453
1590.02 -6.01507
1590.21 -3.05193
1590.39 -11.9625
1590.58 -3.04649
1590.77 -9.01899
1590.95 2.96755
1591.14 -12.0832
1591.32 -12.1356
1591.51 -9.13249
1591.7 0.120127
1591.88 0.186303
1592.07 3.44699
1592.25 -6.09424
1592.44 -6.08903
1592.63 -6.0747
1592.81 -6.04953
1593 -2.54306
1593.18 -5.96367
1593.37 -9.50086
1593.56 -16.8053
1593.74 -2.05497
1593.93 -9.45363
1594.12 -1.8302
1594.3 -20.8981
1594.49 -17.0931
1594.67 -24.8371
1594.86 -1.63926
1595.05 -17.1013
1595.23 -13.2388
1595.42 -20.8759
1595.6 -17.0172
1595.79 -13.2124
1595.98 1.70208
1596.16 -16.8655
1596.35 -9.49185
1596.53 -5.85796
1596.72 -13.1227
1596.91 -20.3587
1597.09 -5.87166
1597.28 -2.20647
1597.47 -24.1793
1597.65 -16.8953
1597.84 5.55098
1598.02 9.5641
1598.21 -17.0852
1598.4 -13.2427
1598.58 -5.37355
1598.77 -33.0717
1598.95 -17.2183
1599.14 -21.239
1599.33 -9.19849
1599.51 -5.19576
1599.7 -17.2179
1599.88 -13.2332
1600.07 -9.3148
1600.26 -17.1192
1600.44 2.04324
1600.63 -16.965
1600.82 -13.1701
1601 -31.1669
1601.19 -2.42518
1601.37 -6.01744
1601.56 -26.3961
1601.75 -12.7244
1601.93 6.94292
1602.12 -9.29608
1602.3 -2.93685
1602.49 -2.97066
1602.68 -2.99575
1602.86 3.07076
1603.05 -12.082
1603.23 -0.0382119
1603.42 -9.01199
1603.61 -6.02155
1603.79 -0.0885524
1603.98 -8.97033
1604.17 -0.103719
1604.35 -3.05801
1656.28 4.96455
1656.46 -5.76957
1656.65 5.0069
1656.83 -5.80363
1657.02 2.40312
1657.21 -8.66949
1657.39 -5.93333
1657.58 -11.8445
1657.76 6.04456
1657.95 -21.7904
1658.14 -2.81143
1658.32 -9.46876
1658.51 -9.50028
1658.69 -9.43384
1658.88 -9.24346
1659.07 -29.8106
1659.25 -8.42361
1659.44 -30.6128
1659.62 -26.0008
1659.81 -20.8837
1660 -81.2284
1660.18 -30.2585
1660.37 -72.5026
1660.56 -34.9808
1660.74 -29.2358
1660.93 -45.6267
1661.11 -62.2961
1661.3 -79.0498
1661.49 -67.8516
1661.67 -56.721
1661.86 -51.2348
1662.04 -35.1239
1662.23 -14.3368
1662.42 -20.1798
1662.6 -30.6627
1662.79 -25.9492
1662.97 -49.1364
1663.16 -8.30208
1663.35 -25.6733
1663.53 -25.1764
1663.72 -28.2467
1663.91 -20.1019
1664.09 0.549139
1664.28 -9.18486
1664.46 -14.71
1664.65 -0.358478
1664.84 4.6581
1665.02 -0.549685
1665.21 4.03647
1665.39 -2.80008
1665.58 1.53726
1665.77 -0.577191
1665.95 -2.56428
1666.14 3.36009
1679.17 2.63092
1679.35 -0.185125
1679.54 -3.0499
1679.72 -0.214747
1679.91 1.23075
1680.1 1.2338
1680.28 -1.83589
1680.47 1.24814
1680.66 4.55541
1680.84 -0.432187
1681.03 1.31954
1681.21 5.15889
1681.4 3.43641
1681.59 -0.586474
1681.77 -5.0574
1681.96 -2.9292
1682.14 -0.527748
1682.33 2.14762
1682.52 -3.088
1682.7 2.58338
1682.89 -3.06285
1683.07 -6.0491
1683.26 -9.17846
1683.45 -6.0903
1683.63 3.52274
1683.82 -6.09414
1684.01 0.390578
1684.19 -12.5619
1684.38 -6.09423
1684.56 -6.0908
1684.75 -6.07869
1684.94 -12.1142
1685.12 -6.00339
1685.31 5.44193
1685.49 2.37543
1685.68 -0.45174
1685.87 -15.4717
1686.05 -10.0357
1686.24 1.65248
1686.42 -4.83225
1686.61 -2.57422
1686.8 1.37323
1686.98 3.1308
1687.17 -0.436241
1687.36 1.26429
1687.54 1.24914
1687.73 1.23975
1687.91 2.73555
1688.1 1.23096
1688.29 1.2292
1688.47 2.65578
1688.66 2.6418
1688.84 1.22757
1724.76 -2.99677
1724.95 2.01512
1725.14 -5.67474
1725.32 -5.8127
1725.51 2.65845
1725.69 -3.01164
1725.88 -9.34838
1726.07 -5.99526
1726.25 -16.969
1726.44 -1.08443
1726.62 -34.5466
1726.81 -49.23
1727 -45.5096
1727.18 -45.8867
1727.37 -45.6813
1727.56 -33.3031
1727.74 -79.8138
1727.93 -85.6663
1728.11 -58.9416
1728.3 -117.22
1728.49 -164.621
1728.67 -171.769
1728.86 -207.346
1729.04 -222.045
1729.23 -178.632
1729.42 -332.082
1729.6 -288.333
1729.79 -273.545
1729.97 -142.311
1730.16 -164.405
1730.35 -143.351
1730.53 -143.819
1730.72 -150.9
1730.91 -103.945
1731.09 -110.938
1731.28 -60.7364
1731.46 -67.8128
1731.65 -56.5556
1731.84 -51.2317
1732.02 -45.8553
1732.21 -50.2061
1732.39 -16.9384
1732.58 -13.0205
1732.77 -17.1668
1732.95 -5.8743
1733.14 3.94124
1733.32 -6.06962
1733.51 -5.92709
1733.7 -3.07253
1733.88 -5.46655
1734.07 -12.2048
1734.26 3.83485
1734.44 3.66414
1759.57 -2.21516
1759.75 1.60919
1759.94 2.29118
1760.13 -12.5008
1760.31 -5.72883
1760.5 -8.69401
1760.68 -25.9434
1760.87 -72.554
1761.06 -38.8189
1761.24 -110.877
1761.43 -144.072
1761.61 -178.712
1761.8 -275.563
1761.99 -363.01
1762.17 -538.929
1762.36 -611.222
1762.54 -693.356
1762.73 -926.333
1762.92 -985.852
1763.1 -975.686
1763.29 -1022.51
1763.48 -1303.92
1763.66 -1240.33
1763.85 -1676.59
1764.03 -1603.19
1764.22 -1602.69
1764.41 -1846.83
1764.59 -1793.68
1764.78 -1517.94
1764.96 -1508.36
1765.15 -1446.53
1765.34 -1302.6
1765.52 -1324.37
1765.71 -1443.72
1765.89 -1221.38
1766.08 -1052.87
1766.27 -954.01
1766.45 -512.264
1766.64 -506.163
1766.83 -538.574
1767.01 -370.945
1767.2 -260.229
1767.38 -178.78
1767.57 -150.832
1767.76 -117.129
1767.94 -62.2391
1768.13 -51.1934
1768.31 -54.6446
1768.5 -17.2559
1768.69 1.65337
1768.87 6.63317
1769.06 -0.409029
1769.24 1.60081
1769.43 -3.97482
1833.45 2.277
1833.64 2.28336
1833.83 1.2997
1834.01 0.275577
1834.2 1.28168
1834.39 3.44791
1834.57 0.112787
1834.76 -1.17845
1834.94 1.23174
1835.13 1.22742
1835.32 2.73583
1835.5 -0.369665
1835.69 4.83342
1835.87 -0.533261
1836.06 5.61425
1836.25 3.84851
1836.43 -0.567307
1836.62 -0.506135
1836.8 7.598
1836.99 5.32063
1837.18 -3.06656
1837.36 -3.02006
1837.55 -9.20603
1837.74 -12.4866
1837.92 -2.84169
1838.11 -9.37545
1838.29 0.519793
1838.48 -12.6829
1838.67 -12.6381
1838.85 -9.32361
1839.04 -2.92526
1839.22 -12.2384
1839.41 -6.02764
1839.6 -14.5497
1839.78 2.38382
1839.97 -0.465852
1840.15 -0.545572
1840.34 -0.586492
1840.53 -0.586718
1840.71 -6.3992
1840.9 -0.474614
1841.09 2.89337
1841.27 1.23289
1841.46 -0.133107
1841.64 1.23652
1841.83 0.0915571
1842.02 -2.021
1842.2 2.33824
1842.39 2.33589
1842.57 3.44895
1842.76 3.57585
1842.95 3.78692
1843.13 -0.206749
1843.32 -5.28838
1843.5 -2.39878
1843.69 1.56561
1843.88 -2.99805
1844.06 2.48158
1844.25 -12.3293
1844.44 -9.48049
1844.62 -9.42446
1844.81 -25.5472
1844.99 -21.5403
1845.18 -30.7513
1845.37 -20.4539
1845.55 -51.2087
1845.74 -34.4499
1845.92 -73.8433
1846.11 -109.773
1846.3 -79.6795
1846.48 -148.703
1846.67 -110.944
1846.85 -130.474
1847.04 -97.591
1847.23 -104.046
1847.41 -157.217
1847.6 -70.8211
1847.79 -123.974
1847.97 -130.495
1848.16 -98.0493
1848.34 -123.529
1848.53 -48.7147
1848.72 -109.898
1848.9 -56.4091
1849.09 -6.32278
1849.27 -56.5824
1849.46 -45.7712
1849.65 -30.7536
1849.83 -39.4999
1850.02 -21.4396
1850.21 -20.8974
1850.39 -16.4507
1850.58 -21.7285
1850.76 2.46116
1850.95 -7.83874
1851.14 1.51359
1851.32 3.10151
1851.51 -0.271142
1851.69 -0.0216904
1851.88 3.37248
1852.07 3.08919
1852.25 2.87935
1868.26 1.42255
1868.44 1.41719
1868.63 2.15997
1868.82 1.40055
1869 1.38848
1869.19 2.19379
1869.38 1.35547
1869.56 3.14379
1869.75 2.27284
1869.93 2.3161
1870.12 2.37102
1870.31 1.24524
1870.49 -0.0605833
1870.68 -0.170877
1870.86 1.2353
1871.05 -0.369243
1871.24 -2.19312
1871.42 1.34934
1871.61 3.3907
1871.79 3.57676
1871.98 -2.76788
1872.17 3.93826
1872.35 6.43669
1872.54 6.6348
1872.73 1.90005
1872.91 -10.4277
1873.1 -5.50079
1873.28 -5.49657
1873.47 -5.46679
1873.66 -2.97978
1873.84 4.19376
1874.03 -0.581154
1874.21 -7.29807
1874.4 1.5557
1874.59 -6.70943
1874.77 3.33026
1874.96 3.15262
1875.14 -0.424507
1875.33 -1.92847
1875.52 4.17825
1875.7 -1.49866
1875.89 -1.28419
1876.08 2.41595
1876.26 3.43201
1876.45 2.30113
1876.63 1.31917
1876.82 1.3415
1877.01 2.20665
1877.19 1.37849
1877.38 2.95804
1877.56 -0.119424
1877.75 2.15796
1877.94 2.15264
1878.12 2.14881
2113.57 1.32888
2113.76 2.1061
2113.94 3.11836
2114.13 1.69493
2114.32 2.10259
2114.5 1.84387
2114.69 2.05561
2114.87 2.16757
2115.06 2.36234
2115.25 2.65903
2115.43 1.30562
2115.62 1.51912
2115.8 6.74635
2115.99 5.15179
2116.18 0.0366623
2116.36 -19.4021
2116.55 -20.2856
2116.73 2.11462
2116.92 -17.2516
2117.11 4.03827
2117.29 -52.577
2117.48 -21.4667
2117.67 -30.734
2117.85 -40.3777
2118.04 -55.1758
2118.22 -40.5765
2118.41 -45.5735
2118.6 -30.6685
2118.78 -40.5815
2118.97 -11.1391
2119.15 -21.1067
2119.34 -11.8455
2119.53 -16.852
2119.71 -34.8977
2119.9 -21.5209
2120.09 -17.26
2120.27 2.22014
2120.46 -13.1235
2120.64 -19.5222
2120.83 3.17706
2121.02 -14.229
2121.2 -3.00397
2121.39 -0.589699
2121.57 1.32464
2121.76 -1.71611
2121.95 -2.15458
2122.13 2.99629
2122.32 2.56027
2122.5 2.21073
2122.69 2.06737
2122.88 2.3229
2123.06 1.55602
2123.25 1.43209
2123.44 1.33996
2199.19 0.365386
2199.38 2.47153
2199.56 1.24217
2199.75 5.20597
2199.94 -2.88159
2200.12 -3.08513
2200.31 -6.08029
2200.49 -2.4443
2200.68 -21.1116
2200.87 -34.5547
2201.05 -44.9167
2201.24 -25.3925
2201.42 -45.7855
2201.61 -56.4835
2201.8 -146.839
2201.98 -78.9954
2202.17 -150.56
2202.36 -137.112
2202.54 -178.874
2202.73 -200.447
2202.91 -177.64
2203.1 -229.744
2203.29 -190.532
2203.47 -377.327
2203.66 -220.062
2203.84 -370.424
2204.03 -290.981
2204.22 -195.65
2204.4 -259.454
2204.59 -338.307
2204.78 -353.3
2204.96 -275.548
2205.15 -297.63
2205.33 -200.387
2205.52 -157.316
2205.71 -178.69
2205.89 -150.761
2206.08 -169.169
2206.26 -79.6298
2206.45 -44.4733
2206.64 -84.504
2206.82 -51.0862
2207.01 -21.0617
2207.2 -39.3801
2207.38 -25.379
2207.57 -13.149
2207.75 -2.85076
2207.94 -3.087
2208.13 -0.551348
2208.31 -0.572327
2208.5 1.26901
2208.68 1.22879
2208.87 3.36089
2209.06 1.39077
2288.54 3.34758
2288.72 0.505788
2288.91 0.545402
2289.09 0.597003
2289.28 0.663244
2289.47 0.747036
2289.65 2.55936
2289.84 0.979639
2290.03 4.53589
2290.21 1.31895
2290.4 1.53487
2290.58 1.78361
2290.77 1.93673
2290.96 2.03193
2291.14 1.48927
2291.33 1.35015
2291.51 0.160104
2291.7 2.55085
2291.89 -1.79829
2292.07 -0.415229
2292.26 -0.503491
2292.45 1.41843
2292.63 -2.6627
2292.82 1.5736
2293 3.8577
2293.19 -0.588627
2293.38 3.95873
2293.56 3.93462
2293.75 -0.591036
2293.93 3.7437
2294.12 -4.75202
2294.31 1.42175
2294.49 -6.05656
2294.68 2.97744
2294.87 2.76238
2295.05 1.22897
2295.24 0.147599
2295.42 1.3452
2295.61 2.10984
2295.8 1.67448
2295.98 2.00155
2296.17 1.79666
2296.35 2.06078
2296.54 1.32931
2296.73 3.37948
2296.91 2.39909
2297.1 0.857986
2297.28 2.70755
2297.47 0.667703
2297.66 0.600609
2297.84 0.548278
2298.03 0.508048
2298.22 0.477563
2442.85 1.11267
2443.03 1.26855
2443.22 1.47257
2443.41 2.30238
2443.59 2.00123
2443.78 1.17322
2443.96 0.556084
2444.15 0.044107
2444.34 -1.91137
2444.52 -0.547764
2444.71 -7.51266
2444.89 -3.077
2445.08 -9.01351
2445.27 -2.79136
2445.45 1.25816
2445.64 -17.097
2445.83 -13.1605
2446.01 -21.5411
2446.2 -3.36793
2446.38 -63.7376
2446.57 -45.3521
2446.76 -35.6341
2446.94 -40.6879
2447.13 -35.4725
2447.31 -24.8457
2447.5 -82.9884
2447.69 -45.8893
2447.87 -93.6168
2448.06 -9.01437
2448.25 -56.2976
2448.43 -25.3057
2448.62 -35.6297
2448.8 -35.6196
2448.99 -30.7446
2449.18 -16.9247
2449.36 -4.1032
2449.55 -0.716839
2449.73 -13.2427
2449.92 -9.49831
2450.11 -9.41498
2450.29 -3.02033
2450.48 2.32495
2450.67 4.15438
2450.85 5.45003
2451.04 1.25983
2451.22 1.23545
2451.41 -0.407468
2451.6 2.56534
2451.78 1.87715
2451.97 2.24113
2452.15 1.51059
2452.34 1.29817
2452.53 1.13545
2609.63 0.104748
2609.82 0.113609
2610.01 0.125106
2610.19 0.139822
2610.38 0.158403
2610.57 4.98039
2610.75 0.209949
2610.94 0.244335
2611.12 0.285358
2611.31 0.33358
2611.5 0.389413
2611.68 3.4228
2611.87 0.524475
2612.05 3.00033
2612.24 0.688746
2612.43 0.77978
2612.61 0.874892
2612.8 0.972229
2612.99 1.06961
2613.17 2.24612
2613.36 2.18722
2613.54 2.14238
2613.73 1.4094
2613.92 1.46919
2614.1 2.62678
2614.29 1.5437
2614.47 3.06265
2614.66 1.55044
2614.85 2.06646
2615.03 1.48849
2615.22 1.43409
2615.41 2.89029
2615.59 1.28761
2615.78 2.22149
2615.96 2.29007
2616.15 1.0102
2616.34 0.912635
2616.52 2.60826
2616.71 0.723745
2616.89 0.636026
2617.08 0.554583
2617.27 0.480281
2617.45 0.413622
2617.64 0.354779
2617.83 4.07375
2618.01 0.259872
2618.2 4.61077
2618.38 0.192285
2618.57 0.167152
2618.76 0.146848
2618.94 0.130671
2619.13 0.117958
2619.31 0.108103
2619.5 0.100564
