num      energy        midtime       peakrate            +/-          I*eff          IsoBrconvergence    parent     activROI_Chisq/dofTot_Chisq/dof                                     filename
5        46.539         209438       0.313424      0.0442287              0              1    3     pb210     pb210  0.930733  0.799704                                    pb210.Chn
6       53.2284         209438        1.37425        2.71201              0              0    3               pb214  0.930733  0.799704                                    pb210.Chn
9       295.223         209438      0.0523081      0.0240357     0.00972576              0    3               pb214  0.894966  0.799704                                    pb210.Chn
10      351.932         209438        0.16135      0.0286455      0.0168744              0    3               pb214  0.887092  0.799704                                    pb210.Chn
11      583.187         209438      0.0359697      0.0110722       0.023715              0    3               tl208  0.787552  0.799704                                    pb210.Chn
12       609.32         209438       0.141041      0.0185532      0.0122823              0    3               bi214  0.787334  0.799704                                    pb210.Chn
21      1120.29         209438      0.0512624       0.010755     0.00316304              0    3               bi214  0.850312  0.799704                                    pb210.Chn
30      1460.82         209438       0.313206      0.0245611     0.00241982              0    3                 k40  0.423164  0.799704                                    pb210.Chn
34      1764.49         209438      0.0408681     0.00903771      0.0031671              0    3               bi214  0.483031  0.799704                                    pb210.Chn
39      2614.51         209438      0.0376192      0.0129706      0.0136663              0    3               tl208  0.490217  0.799704                                    pb210.Chn
