num      energy        midtime       peakrate            +/-          I*eff          IsoBrconvergence    parent     activROI_Chisq/dofTot_Chisq/dof                                     filename
1        46.539         203435       0.280566      0.0722528              0              0    3               pb210  0.975388    1.0513                                    ra226.Chn
2       53.2284         203435       0.113406      0.0690772              0              0    3               pb214  0.975388    1.0513                                    ra226.Chn
3       186.211         203435         1.8285       0.101005     0.00419692              0    3               ra226  0.899939    1.0513                                    ra226.Chn
4       241.995         203435        3.41029       0.103712              0              0    3               pb214   1.15866    1.0513                                    ra226.Chn
5        258.86         203435       0.336579      0.0699173              0              0    3               pb214   1.39906    1.0513                                    ra226.Chn
6         274.8         203435      0.0530907      0.0603177              0              0    3               pb214     1.249    1.0513                                    ra226.Chn
7       277.371         203435     -0.0553324      0.0581572              0              0    3               tl208     1.249    1.0513                                    ra226.Chn
8       295.223         203435        8.15622       0.129687     0.00972576              0    3               pb214  0.835336    1.0513                                    ra226.Chn
9       351.932         203435        14.1033       0.156008      0.0168744              0    3               pb214   1.01771    1.0513                                    ra226.Chn
10       386.78         203435       0.169316      0.0460207              0              0    3               bi214  0.709923    1.0513                                    ra226.Chn
11       388.89         203435       0.235864      0.0472777              0              0    3               bi214  0.709923    1.0513                                    ra226.Chn
12       454.79         203435      0.0961769      0.0405097              0              0    3               bi214   1.14006    1.0513                                    ra226.Chn
13       462.02         203435      0.0434864      0.0390414              0              0    3               pb214   1.14006    1.0513                                    ra226.Chn
14      480.432         203435       0.138585      0.0381142              0              0    3               pb214  0.770283    1.0513                                    ra226.Chn
15       487.14         203435       0.124096      0.0363434              0              0    3               pb214  0.770283    1.0513                                    ra226.Chn
16       580.14         203435       0.165182      0.0322357              0              0    3               pb214   1.02824    1.0513                                    ra226.Chn
17      583.187         203435      0.0181523      0.0285692       0.023715              0    3               tl208   1.02824    1.0513                                    ra226.Chn
18       609.32         203435        13.5083       0.144452      0.0122823              0    3               bi214  0.809648    1.0513                                    ra226.Chn
19      661.657         203435      0.0186183      0.0241437              0              0    3               cs137   0.82649    1.0513                                    ra226.Chn
20      665.447         203435       0.415722      0.0341611              0              0    3               bi214   0.82649    1.0513                                    ra226.Chn
21       703.11         203435          0.176        0.02774              0              0    3               bi214   1.19463    1.0513                                    ra226.Chn
22       719.87         203435       0.121586       0.027551              0              0    3               bi214  0.943133    1.0513                                    ra226.Chn
23       763.13         203435    -0.00133312      0.0229581              0              0    3               tl208   1.01337    1.0513                                    ra226.Chn
24       768.36         203435        1.32801      0.0520432              0              0    3               bi214   1.01337    1.0513                                    ra226.Chn
25       785.96         203435       0.193442      0.0785832              0              0    3               pb214  0.946943    1.0513                                    ra226.Chn
26       786.35         203435       0.110311      0.0769976              0              0    3               bi214  0.946943    1.0513                                    ra226.Chn
27       806.18         203435       0.315551      0.0320154              0              0    3               bi214  0.831557    1.0513                                    ra226.Chn
28       839.07         203435       0.133722       0.029099              0              0    3               pb214   1.11598    1.0513                                    ra226.Chn
29      860.557         203435      0.0149541      0.0223289      0.0034125              0    3               tl208    1.2588    1.0513                                    ra226.Chn
30      934.056         203435       0.660816      0.0403556              0              0    3               bi214   1.07552    1.0513                                    ra226.Chn
31       964.08         203435       0.101935       0.025286              0              0    3               bi214  0.969184    1.0513                                    ra226.Chn
32      1051.96         203435      0.0555189      0.0196764              0              0    3               bi214  0.788533    1.0513                                    ra226.Chn
33      1069.96         203435       0.059793      0.0211548              0              0    3               bi214   2.07747    1.0513                                    ra226.Chn
34      1120.29         203435         3.1559      0.0728787     0.00316304              0    3               bi214  0.753993    1.0513                                    ra226.Chn
35      1133.66         203435      0.0571714      0.0205483              0              0    3               bi214    1.2767    1.0513                                    ra226.Chn
36      1155.21         203435       0.339597      0.0301762              0              0    3               bi214   1.04171    1.0513                                    ra226.Chn
37      1173.23         203435     -0.0217437      0.0160891              0              0    3                co60   1.07392    1.0513                                    ra226.Chn
38      1207.68         203435       0.131006      0.0213125              0              0    3               bi214  0.955625    1.0513                                    ra226.Chn
39      1238.12         203435        1.19262      0.0476925              0              0    3               bi214  0.998982    1.0513                                    ra226.Chn
40      1280.98         203435       0.262956      0.0271519              0              0    3               bi214  0.960918    1.0513                                    ra226.Chn
41      1332.49         203435      0.0116644       0.015553              0              0    3                co60   1.15205    1.0513                                    ra226.Chn
42      1377.67         203435        0.76314      0.0401895              0              0    3               bi214   1.19123    1.0513                                    ra226.Chn
43      1385.31         203435       0.138084      0.0226105              0              0    3               bi214   1.19123    1.0513                                    ra226.Chn
44      1401.52         203435       0.267365      0.0257444              0              0    3               bi214  0.939665    1.0513                                    ra226.Chn
45      1407.99         203435       0.454846      0.0323625              0              0    3               bi214  0.939665    1.0513                                    ra226.Chn
46      1460.82         203435       0.347379       0.028409     0.00241982              0    3                 k40  0.746817    1.0513                                    ra226.Chn
47      1509.21         203435       0.389233      0.0315241              0              0    3               bi214   1.13141    1.0513                                    ra226.Chn
48      1538.53         203435      0.0760507      0.0214932              0              0    3               bi214  0.949771    1.0513                                    ra226.Chn
49      1543.34         203435      0.0391908       0.017267              0              0    3               bi214  0.949771    1.0513                                    ra226.Chn
50       1583.2         203435       0.087201       0.020418              0              0    3               bi214   1.25777    1.0513                                    ra226.Chn
51      1594.75         203435      0.0442127       0.014462              0              0    3               bi214  0.903212    1.0513                                    ra226.Chn
52      1599.37         203435      0.0497533      0.0167735              0              0    3               bi214  0.903212    1.0513                                    ra226.Chn
53      1661.27         203435       0.154244      0.0214045              0              0    3               bi214   1.04395    1.0513                                    ra226.Chn
54      1684.01         203435      0.0363444      0.0120061              0              0    3               bi214  0.966613    1.0513                                    ra226.Chn
55       1729.6         203435       0.503004      0.0295768              0              0    3               bi214  0.964256    1.0513                                    ra226.Chn
56      1764.49         203435        2.42515      0.0624979      0.0031671              0    3               bi214  0.919752    1.0513                                    ra226.Chn
57      1838.36         203435      0.0585196      0.0131088              0              0    3               bi214  0.847814    1.0513                                    ra226.Chn
58      1847.43         203435       0.302719       0.024348              0              0    3               bi214  0.847814    1.0513                                    ra226.Chn
59      1873.16         203435       0.026394      0.0109305              0              0    3               bi214  0.927531    1.0513                                    ra226.Chn
60      2118.51         203435       0.158353      0.0168111              0              0    3               bi214  0.648864    1.0513                                    ra226.Chn
61      2204.06         203435       0.655056      0.0335265              0              0    3               bi214  0.995973    1.0513                                    ra226.Chn
62      2293.38         203435       0.039673      0.0094599              0              0    3               bi214  0.752629    1.0513                                    ra226.Chn
63       2447.7         203435        0.22098      0.0197144              0              0    3               bi214  0.905857    1.0513                                    ra226.Chn
64      2614.51         203435      0.0402744     0.00875051      0.0136663              0    3               tl208  0.677184    1.0513                                    ra226.Chn
