24.175 -110.68
24.3627 -130.591
24.5504 -123.975
24.7381 -117.394
24.9258 -143.635
25.1135 -156.599
25.3012 -84.9131
25.4889 -104.466
25.6766 -85.1828
25.8643 -130.17
26.052 -104.542
26.2397 -66.3917
26.4274 -148.926
26.6151 -91.8898
26.8028 -91.9064
26.9905 -91.9179
27.1782 -117.13
27.3659 -98.2297
27.5536 -142.233
27.7413 -98.2326
27.929 -104.497
28.1167 -48.2306
28.3044 -129.395
28.4921 -104.432
28.6798 -67.2136
28.8675 -85.8277
55.1454 -203.944
55.3331 -338.541
55.5208 -243.791
55.7085 -291.141
55.8962 -243.617
56.0839 -378.536
56.2716 -427.336
56.4593 -371.318
56.647 -563.042
56.8347 -574.849
57.0224 -558.649
57.2101 -629.22
57.3978 -861.314
57.5855 -1330.5
57.7732 -1395.78
57.9609 -1540.07
58.1486 -1716.34
58.3363 -2116.02
58.524 -2946.84
58.7117 -2820.74
58.8994 -3505.93
59.0871 -3635.99
59.2748 -3552.12
59.4625 -3670.67
59.6502 -3847.36
59.8379 -3716.74
60.0256 -3376.4
60.2133 -2764.65
60.401 -2708.27
60.5887 -2382.23
60.7764 -2083.95
60.9641 -1477.92
61.1518 -1081.93
61.3395 -821.377
61.5272 -702.482
61.7149 -576.242
61.9026 -453.98
62.0903 -252.384
62.278 -214.821
62.4657 -117.294
62.6534 -67.5296
62.8411 -39.9179
63.0288 -45.8199
63.2165 -11.8161
63.4042 -25.9616
63.5919 -42.3312
63.7796 6.87723
63.9673 -25.0104
64.155 -17.1177
64.3427 -5.51987
64.5304 -1.64025
64.7181 -24.9033
64.9058 -17.1562
69.9736 -20.907
70.1613 -1.73569
70.349 2.09343
70.5367 -5.57378
70.7244 -9.40605
70.9121 -40.038
71.0998 5.90269
71.2875 -17.0618
71.4752 -32.3612
71.6629 -17.0588
71.8506 -17.0573
72.0383 -5.59107
72.226 -28.5153
72.4137 -5.59535
72.6014 -9.41539
72.7891 -9.4163
72.9768 -9.41721
73.1645 -20.8608
73.3522 -9.419
73.5399 -1.79633
73.7276 2.01089
73.9153 -20.8497
74.103 -24.655
74.2907 -9.42342
74.4784 -9.42429
74.6661 -24.6428
74.8538 -1.81965
75.0415 -9.42687
75.2292 -5.627
75.4169 1.96989
75.6046 -24.6224
75.7923 -13.2273
75.98 -36.0015
76.1677 -1.84282
76.3554 -5.63942
76.5431 -5.64148
76.7308 -20.8069
76.9185 -17.0144
77.1062 -1.85927
77.2939 -1.86256
77.4816 -17.0093
77.6693 -13.223
77.857 -13.2225
78.0447 -24.5685
78.2324 -17.0025
78.4201 -20.7804
78.6078 -24.5559
78.7955 -16.9973
78.9832 -5.66787
79.1709 -5.66987
79.3586 -9.44527
79.5463 -1.9017
79.734 -16.9886
79.9217 -13.2171
80.1094 -13.2166
80.2971 1.85249
80.4848 -1.91788
80.6725 -5.68575
80.8602 -1.92433
81.0479 -9.45181
81.2356 -35.7786
81.4233 -9.45321
81.611 -5.69555
81.7987 -5.69749
81.9864 -1.94361
82.1741 -9.45595
82.3618 1.8033
82.5495 1.79885
82.7372 -1.95639
82.9249 -20.7072
83.1126 -5.71102
83.3003 -5.71293
83.488 -20.6977
83.6757 -13.2057
83.8634 1.76771
84.0511 -16.9463
84.2388 -20.685
84.4265 -5.72434
84.6142 -20.6786
84.8019 -1.99128
84.9896 -20.6722
85.1773 -9.46615
85.365 -2.00073
85.5527 -16.9308
85.7404 -16.9288
85.9281 -24.3852
86.1158 -9.46908
86.3035 -16.9229
86.4912 -5.74488
86.6789 -24.367
86.8666 -2.02579
87.0543 -24.3579
87.242 -16.9129
87.4297 -16.9108
87.6174 -9.47352
87.8051 -16.9068
87.9928 -2.04444
88.1805 -16.9027
88.3682 -13.1881
88.5559 -2.05372
88.7436 -20.6064
88.9313 -9.47714
89.119 -5.7703
89.3067 1.63999
89.4944 -24.2976
89.6821 1.63126
89.8698 -9.47958
90.0575 -5.77919
90.2452 -13.1801
90.4329 -2.08444
90.6206 -27.9663
90.8083 -13.1776
90.996 -20.5655
91.1837 5.28951
91.3714 -5.79145
91.5591 1.58776
91.7467 -20.5516
91.9344 -9.4845
92.1221 -16.858
92.3098 -13.1706
237.026 2.68792
237.214 -11.7089
237.401 2.66259
237.589 -5.94905
237.777 -3.08152
237.964 -0.216324
238.152 -5.94769
238.34 2.6563
238.528 -3.08022
238.715 -17.4662
238.903 5.57263
239.091 -3.07619
239.278 -3.07428
239.466 -8.88423
239.654 -11.8122
239.841 5.69849
240.029 -14.7824
240.217 -0.127258
240.405 -6.00216
240.592 -14.8385
240.78 -3.05923
240.968 -0.113228
241.155 -3.06035
241.343 -0.124422
241.531 -8.92399
241.718 -0.150777
241.906 8.53967
242.094 -3.07748
242.282 -11.6721
242.469 -8.76244
242.657 -8.70815
242.845 -5.86781
243.032 -3.08942
243.22 5.0241
243.408 -0.416862
243.595 -0.450107
243.783 4.65656
243.971 4.52799
244.159 -5.46786
244.346 -0.555708
244.534 -7.64117
244.722 -0.583771
244.909 1.65033
245.097 -2.77286
245.285 -0.587445
245.472 -0.578207
245.66 -2.5657
245.848 1.39721
246.036 -4.28683
246.223 3.15474
246.411 3.07048
246.599 2.99139
246.786 -0.388191
246.974 -0.34687
272.501 3.3828
272.689 -2.4984
272.877 1.39101
273.064 1.37948
273.252 -8.10358
273.44 5.1062
273.627 -0.508355
273.815 3.16909
274.003 -2.29999
274.19 1.31508
274.378 -0.463389
274.566 -2.19663
274.754 3.0115
274.941 4.68122
275.129 -2.08333
275.317 1.26501
275.504 -0.372441
275.692 4.46847
275.88 -1.92155
276.067 1.24326
276.255 -0.299705
276.443 4.26983
276.631 1.23344
276.818 -0.24253
277.006 4.13604
277.194 1.22852
277.381 1.22779
277.569 -2.95836
277.757 1.22745
277.944 3.94823
278.132 -0.115477
278.32 -4.08292
278.508 2.54292
278.695 1.23123
278.883 1.23254
279.071 3.775
279.258 1.23557
279.446 2.48141
279.634 -1.22332
279.821 3.67793
280.009 2.44883
280.197 3.63084
280.384 -1.11095
280.572 2.41692
280.76 1.25372
280.948 2.39525
281.135 2.38419
281.323 1.26421
281.511 1.26835
281.698 1.27286
281.886 2.33807
282.074 2.32608
282.261 -0.761076
290.333 2.48906
290.52 -2.64326
290.708 1.22888
290.896 -0.14563
291.083 4.05902
291.271 -0.228918
291.459 1.23438
291.646 2.78874
291.834 -0.343428
292.022 4.53655
292.21 1.27366
292.397 1.28901
292.585 -0.464577
292.773 -2.30152
292.96 3.20104
293.148 -2.42073
293.336 1.39102
293.523 1.41431
293.711 -2.5654
293.899 -0.571875
294.087 5.60452
294.274 1.50376
294.462 -2.69493
294.65 -0.588185
294.837 3.70073
295.025 1.56811
295.213 3.74705
295.4 1.58506
295.588 -4.95298
295.776 -0.591505
295.964 -0.591474
296.151 -0.591365
296.339 3.74976
296.527 -0.590734
296.714 -4.89195
296.902 -9.14234
297.09 -9.08412
297.277 -2.69442
297.465 -4.76742
297.653 5.64306
297.841 -0.577192
298.028 -4.65019
298.216 -0.568873
298.404 -0.564103
298.591 5.3958
298.779 3.38263
298.967 5.3086
299.154 3.3319
299.342 1.38582
299.53 -0.533317
299.718 -2.4296
299.905 1.36633
300.093 -2.40466
347.018 1.89031
347.205 1.45824
347.393 2.05301
347.581 0.900232
347.769 2.16001
347.956 1.33897
348.144 2.31952
348.332 2.41699
348.519 3.81822
348.707 2.64225
348.895 1.23794
349.082 2.89964
349.27 -3.93184
349.458 5.01693
349.646 1.38984
349.833 1.44776
350.021 3.6045
350.209 1.57583
350.396 3.8759
350.584 6.29629
350.772 -2.92206
350.959 1.83488
351.147 1.89159
351.335 1.9426
351.523 -0.517239
351.71 2.02391
351.898 -0.494247
352.086 -5.60693
352.273 4.65337
352.461 -0.48067
352.649 -5.61671
352.836 -5.60588
353.024 -8.13524
353.212 -10.6241
353.4 -0.514818
353.587 1.95718
353.775 -0.539394
353.963 -19.9421
354.15 -2.95231
354.338 -14.6855
354.526 1.73137
354.713 -18.7629
354.901 1.63891
355.089 -9.33899
355.276 -0.589533
355.464 1.51562
355.652 1.4803
355.84 -4.59985
356.027 5.37102
356.215 3.33134
356.403 5.17353
356.59 5.08641
356.778 5.00752
578.263 2.15023
578.451 2.14324
578.639 2.13681
578.826 2.13086
579.014 2.12528
579.202 1.38478
579.389 1.39634
579.577 2.8121
579.765 1.41962
579.952 1.43169
580.14 1.44429
580.328 1.45761
580.516 2.08511
580.703 1.48716
580.891 1.50377
581.079 2.06829
581.266 2.58296
581.454 2.05605
581.642 2.51278
581.829 2.4743
582.017 2.03686
582.205 2.03056
582.393 1.70324
582.58 1.73861
582.768 1.77662
582.956 2.20044
583.143 1.86078
583.331 2.00223
583.519 2.00049
583.706 2.00001
583.894 2.00094
584.082 2.00339
584.27 2.17803
584.457 2.23979
584.645 2.30383
584.833 2.37002
585.02 1.64575
585.208 1.60252
585.396 0.543078
585.583 2.08793
585.771 0.245442
585.959 0.777504
586.147 2.15065
586.334 2.17498
586.522 0.532587
586.71 2.22824
586.897 0.38712
587.085 2.28688
587.273 1.28696
587.46 0.195686
587.648 3.50492
587.836 3.58219
588.024 3.6588
604.353 1.386
604.541 1.34329
604.729 2.16407
604.916 4.09597
605.104 1.18776
605.292 1.13017
605.48 2.3196
605.667 1.01326
605.855 2.43178
606.043 2.49389
606.23 0.852925
606.418 0.808952
606.606 0.772064
606.793 0.743678
606.981 2.75412
607.169 2.76688
607.357 0.723394
607.544 0.742682
607.732 0.777062
607.92 0.827654
608.107 2.50256
608.295 2.40516
608.483 2.30692
608.67 1.21105
608.858 1.35584
609.046 1.52123
609.234 2.02374
609.421 2.08906
609.609 2.00487
609.797 2.03399
609.984 2.0899
610.172 2.95032
610.36 3.25894
610.547 3.58618
610.735 -0.12358
610.923 1.23765
611.111 -5.507
611.298 -9.79732
611.486 -0.566614
611.674 1.56822
611.861 -7.48161
612.049 -5.41487
612.237 -0.485991
612.424 -13.815
612.612 -0.290319
612.8 2.74903
612.988 -9.05987
613.175 -2.96543
613.363 3.54037
613.551 -12.6907
613.738 -6.05705
613.926 0.932395
614.114 -2.39914
614.301 1.37589
656.721 1.02356
656.909 2.35424
657.097 1.04241
657.285 1.05132
657.472 1.05976
657.66 2.32303
657.848 1.0749
658.035 3.54093
658.223 1.08711
658.411 2.30237
658.598 1.09568
658.786 1.09838
658.974 1.09993
659.162 2.29547
659.349 1.09928
659.537 3.49941
659.725 1.09321
659.912 2.30558
660.1 1.08138
660.288 1.07323
660.475 2.32659
660.663 2.33652
660.851 1.0398
661.039 1.02572
661.226 2.37616
661.414 2.39293
661.602 5.28433
661.789 0.955961
661.977 0.935527
662.165 2.48004
662.352 0.891746
662.54 0.868633
662.728 0.844877
662.916 0.820612
663.103 0.795982
663.291 2.67722
663.479 4.68979
663.666 0.721366
663.854 0.696751
664.042 0.672511
664.229 0.64879
664.417 0.625728
664.605 2.99991
664.793 0.582106
664.98 0.56179
665.168 0.542617
665.356 0.524684
665.543 0.508078
665.731 3.29418
665.919 0.479129
666.106 3.37649
666.294 0.456208
666.482 0.447089
666.67 0.439549
666.857 0.433585
667.045 0.429183
667.233 0.426315
667.42 0.424944
667.608 0.425022
667.796 0.426493
667.983 0.429292
668.171 6.55082
668.359 0.438574
668.547 3.45103
668.734 0.452215
668.922 0.460448
669.11 0.469497
669.297 3.33655
669.485 0.489665
669.673 0.500593
669.86 0.511961
670.048 0.523676
670.236 3.17048
670.424 0.547807
1168.39 0.202491
1168.58 0.2088
1168.77 0.215044
1168.95 0.221206
1169.14 0.227269
1169.33 0.233215
1169.52 4.48769
1169.7 0.244683
1169.89 0.25017
1170.08 0.255469
1170.27 0.260562
1170.45 0.265433
1170.64 0.270066
1170.83 0.274446
1171.02 0.278556
1171.21 0.282384
1171.39 4.17632
1171.58 0.28914
1171.77 0.292044
1171.96 0.294618
1172.14 0.296853
1172.33 0.29874
1172.52 0.300275
1172.71 0.30145
1172.89 0.302261
1173.08 0.302707
1173.27 0.302785
1173.46 0.302495
1173.65 4.08386
1173.83 0.300819
1174.02 0.299439
1174.21 4.1073
1174.4 0.295622
1174.58 0.293199
1174.77 0.290444
1174.96 0.287367
1175.15 4.18798
1175.33 4.21042
1175.52 0.276323
1175.71 0.27208
1175.9 0.26758
1176.09 0.262838
1176.27 0.257871
1176.46 0.252695
1176.65 0.247325
1176.84 4.46752
1177.02 0.236079
1177.21 0.230237
1177.4 0.224272
1177.59 0.218202
1177.77 0.212044
1177.96 0.205816
1178.15 0.199536
1327.56 0.29822
1327.75 0.306131
1327.93 0.313944
1328.12 0.321639
1328.31 0.329196
1328.5 0.336595
1328.68 0.343816
1328.87 0.35084
1329.06 0.357646
1329.25 0.364216
1329.44 0.37053
1329.62 3.71616
1329.81 3.69161
1330 0.387762
1330.19 0.392877
1330.37 0.397653
1330.56 0.402073
1330.75 0.406125
1330.94 6.75077
1331.12 0.413073
1331.31 0.415948
1331.5 0.418411
1331.69 0.420454
1331.88 0.422071
1332.06 3.5291
1332.25 0.424009
1332.44 0.424324
1332.63 0.4242
1332.81 0.42364
1333 3.53139
1333.19 0.421217
1333.38 0.419362
1333.56 0.417087
1333.75 0.414398
1333.94 0.411304
1334.13 0.407816
1334.32 0.403944
1334.5 0.399701
1334.69 6.88215
1334.88 0.390155
1335.07 0.384882
1335.25 0.379297
1335.44 0.373416
1335.63 0.367257
1335.82 0.360838
1336.01 0.354178
1336.19 3.84875
1336.38 0.34021
1336.57 0.332941
1336.76 0.325509
1336.94 0.317932
1337.13 4.03741
1337.32 0.302424
1455.94 0.57811
1456.13 0.541591
1456.32 0.505641
1456.51 0.470344
1456.7 3.48328
1456.88 0.402057
1457.07 0.369235
1457.26 0.337408
1457.45 0.306656
1457.63 4.23039
1457.82 0.248702
1458.01 0.221655
1458.2 0.195992
1458.38 0.171785
1458.57 0.1491
1458.76 0.128001
1458.95 0.108546
1459.14 0.0907915
1459.32 0.074787
1459.51 0.0605783
1459.7 0.0482059
1459.89 0.0377053
1460.07 0.0291066
1460.26 0.0224342
1460.45 0.0177071
1460.64 0.0149385
1460.83 0.0141357
1461.01 0.0153005
1461.2 0.0184286
1461.39 0.02351
1461.58 0.030529
1461.76 0.0394642
1461.95 0.0502888
1462.14 0.0629703
1462.33 0.0774712
1462.51 0.0937489
1462.7 0.111756
1462.89 0.13144
1463.08 0.152745
1463.27 0.175609
1463.45 4.80544
1463.64 0.225758
1463.83 0.252902
1464.02 0.281329
1464.2 0.310962
1464.39 0.341722
1464.58 0.373528
1464.77 0.406299
1464.95 0.439951
1465.14 0.4744
1465.33 0.509561
1465.52 5.74325
1465.71 7.99156
2609.54 0.119647
2609.73 0.111513
2609.92 0.103584
2610.11 0.0958708
2610.3 0.0883853
2610.48 0.0811384
2610.67 0.0741411
2610.86 0.0674039
2611.05 0.0609372
2611.23 0.054751
2611.42 0.0488547
2611.61 0.0432577
2611.8 0.0379686
2611.98 0.0329957
2612.17 0.0283471
2612.36 0.02403
2612.55 0.0200513
2612.74 0.0164175
2612.92 0.0131342
2613.11 0.0102069
2613.3 0.00764019
2613.49 0.00543823
2613.67 0.00360454
2613.86 0.00214208
2614.05 0.00105317
2614.24 0.000339532
2614.42 2.25528e-06
2614.61 4.18206e-05
2614.8 0.000458081
2614.99 0.00125027
2615.18 0.00241699
2615.36 0.00395626
2615.55 0.00586544
2615.74 0.00814133
2615.93 0.0107801
2616.11 0.0137774
2616.3 0.0171282
2616.49 0.0208271
2616.68 0.0248679
2616.86 0.0292441
2617.05 0.0339486
2617.24 0.0389738
2617.43 0.0443116
2617.62 0.0499535
2617.8 0.0558907
2617.99 0.0621139
2618.18 0.0686132
2618.37 0.0753787
2618.55 0.0823999
2618.74 0.0896663
2618.93 0.0971668
2619.12 0.10489
2619.3 0.112825
2619.49 0.120961
