69.901 -2232.41
70.1002 -1986.49
70.2993 -2147.59
70.4984 -2255.38
70.6976 -1954.66
70.8967 -1857.79
71.0958 -2084.18
71.2949 -1911.59
71.4941 -1954.79
71.6932 -1738.27
71.8923 -1770.48
72.0915 -1846.16
72.2906 -1932.86
72.4897 -2280.82
72.6888 -2379.11
72.888 -1997.86
73.0871 -2216.08
73.2862 -1997.64
73.4853 -2325.75
73.6845 -1909.72
73.8836 -2282.3
74.0827 -2271.46
74.2819 -2227.59
74.481 -1919.53
74.6801 -2238.65
74.8792 -2271.74
75.0784 -2205.53
75.2775 -2393.35
75.4766 -2227.51
75.6758 -2360.34
75.8749 -2016.69
76.074 -2382.62
76.2731 -1904.91
76.4723 -2571.75
76.6714 -2527.41
76.8705 -2360.37
77.0696 -2181.82
77.2688 -2304.41
77.4679 -2348.98
77.667 -2483.14
77.8662 -2259.13
78.0653 -2382.22
78.2644 -2415.76
78.4635 -2269.61
78.6627 -2629.17
78.8618 -1998.92
79.0609 -2584.22
79.2601 -2539.09
79.4592 -2640.61
79.6583 -2471.14
79.8574 -2278.73
80.0566 -2323.65
80.2557 -2425.28
80.4548 -2595.13
80.6539 -2322.62
80.8531 -2833.46
81.0522 -2799.43
81.2513 -2674.27
81.4505 -2753.9
81.6496 -2765.26
81.8487 -2457.12
82.0478 -2536.74
82.247 -2673.63
82.4461 -3199.73
82.6452 -2432.82
82.8444 -2581.4
83.0435 -2776.1
83.2426 -2707.08
83.4417 -3177.93
83.6409 -3316.08
83.84 -3201.27
84.0391 -3305.08
84.2383 -3339.89
84.4374 -3270.92
84.6365 -3478.91
84.8356 -3687.22
85.0348 -3306.08
85.2339 -3491.41
85.433 -3306.37
85.6321 -3503.56
85.8313 -3364.61
86.0304 -3202.22
86.2295 -4073.64
86.4287 -3690.58
86.6278 -3784.03
86.8269 -3470
87.026 -3388.57
87.2252 -3330.33
87.4243 -3447.07
87.6234 -3482.21
87.8226 -3201.77
88.0217 -3342.04
88.2208 -3459.08
88.4199 -3869.16
88.6191 -3236.41
88.8182 -3412.26
89.0173 -3682.28
89.2164 -3341.71
89.4156 -3506.22
89.6147 -3223.84
89.8138 -3376.7
90.013 -3671.16
90.2121 -3305.73
90.4112 -3270.15
90.6103 -3352.58
90.8095 -3600.53
91.0086 -3364.05
91.2077 -3352.03
91.4069 -3351.83
91.606 -3576.71
91.8051 -3327.67
92.0042 -3932.46
92.2034 -3837.62
116.895 -4233.77
117.094 -4937.4
117.293 -4891.35
117.493 -5224.19
117.692 -4892.74
117.891 -5003.52
118.09 -5264.19
118.289 -5200.24
118.488 -5954.49
118.687 -5497.05
118.887 -5580.04
119.086 -7016.5
119.285 -6799.01
119.484 -8585.43
119.683 -10864.9
119.882 -15482.6
120.081 -21290
120.28 -27697.4
120.48 -37734.4
120.679 -50842.2
120.878 -63605.1
121.077 -75286.5
121.276 -85289
121.475 -93630.3
121.674 -94647.8
121.873 -92564
122.073 -85841.5
122.272 -76740.8
122.471 -61079.9
122.67 -51313.3
122.869 -38284.3
123.068 -28505
123.267 -21058.6
123.466 -14629.7
123.666 -10471.5
123.865 -7053.73
124.064 -6330.51
124.263 -4891.62
124.462 -4077.16
124.661 -4147.1
124.86 -3730.76
125.059 -3967.92
125.259 -4015.87
125.458 -4040.29
125.657 -4315.57
125.856 -4304.71
126.055 -4113.23
126.254 -3643.04
126.453 -3834.8
126.652 -3700.04
237.168 -2773.68
237.368 -3121.05
237.567 -3317.52
237.766 -3282.67
237.965 -3294
238.164 -3051.72
238.363 -3074.72
238.562 -2971.11
238.761 -2994.11
238.961 -2626.62
239.16 -2626.91
239.359 -2489.61
239.558 -2913.74
239.757 -2993.85
239.956 -3073.88
240.155 -2867.95
240.355 -2856.51
240.554 -3211.17
240.753 -3062.55
240.952 -2890.83
241.151 -3303.73
241.35 -2787.33
241.549 -2809.98
241.748 -3109.42
241.948 -2958.78
242.147 -3283.66
242.346 -3376.21
242.545 -4317.28
242.744 -4818.93
242.943 -5702.1
243.142 -7197.66
243.341 -9591.21
243.541 -12450.5
243.74 -14375.3
243.939 -18048.4
244.138 -19466.1
244.337 -21562.4
244.536 -22813.8
244.735 -23819
244.934 -23548.8
245.134 -22261.6
245.333 -19027.4
245.532 -16056.4
245.731 -13922.3
245.93 -10744.1
246.129 -8430.11
246.328 -6771.04
246.527 -5015.89
246.727 -3932.09
246.926 -3305.85
247.125 -3329.42
247.324 -2707.87
247.523 -2935.45
247.722 -2674.5
247.921 -2584.21
248.121 -2235.36
248.32 -2662.92
248.519 -2842.77
248.718 -2572.94
248.917 -2168.3
249.116 -2572.94
249.315 -2651.61
249.514 -2662.85
272.414 -2051.79
272.613 -1771.51
272.812 -2030.17
273.011 -1890.09
273.211 -2040.88
273.41 -1943.94
273.609 -1664.07
273.808 -1836.31
274.007 -1621.17
274.206 -1728.8
274.405 -1814.86
274.605 -1825.63
274.804 -2019.06
275.003 -1890.12
275.202 -2072.63
275.401 -2072.52
275.6 -1900.81
275.799 -2093.68
275.998 -1718.69
276.198 -1868.58
276.397 -1697.53
276.596 -1911.18
276.795 -1708.41
276.994 -1804.4
277.193 -1559.41
277.392 -2006.66
277.591 -1783.08
277.791 -1751.14
277.99 -1783.08
278.189 -1740.47
278.388 -1623.21
278.587 -1793.75
278.786 -1729.75
278.985 -2188.49
279.184 -1836.42
279.384 -1580.34
279.583 -1655.04
279.782 -1836.42
279.981 -1975.06
280.18 -1772.42
280.379 -1751.1
280.578 -1868.34
280.777 -1708.51
280.977 -2060.01
281.176 -1996.04
281.375 -1878.88
281.574 -1825.64
281.773 -1793.71
281.972 -1421.47
282.171 -1581.05
282.37 -1581.1
290.336 -1655.41
290.535 -1571.95
290.734 -1624.08
290.933 -1332.18
291.132 -1571.94
291.331 -1457.31
291.53 -1540.67
291.73 -1571.92
291.929 -1800.99
292.128 -1696.82
292.327 -1238.84
292.526 -1499.04
292.725 -1436.63
292.924 -1436.64
293.123 -1561.47
293.323 -1655.14
293.522 -1384.44
293.721 -1530.23
293.92 -1645.21
294.119 -1771.48
294.318 -1560.72
294.517 -2060.09
294.716 -1793.35
294.916 -1922.04
295.115 -2271.37
295.314 -2072.48
295.513 -2471.87
295.712 -2471.92
295.911 -2617.9
296.11 -2584.16
296.309 -2158.43
296.509 -2705.46
296.708 -2194.49
296.907 -2052.24
297.106 -2095.49
297.305 -1879.34
297.504 -1772.4
297.703 -1518.97
297.902 -1676.66
298.102 -1686.56
298.301 -1654.87
298.5 -1364.36
298.699 -1581.83
298.898 -1374.97
299.097 -1137.43
299.296 -1240.83
299.495 -1333.8
299.695 -1488.63
299.894 -1416.4
300.093 -1519.55
300.292 -1519.53
300.491 -1457.66
300.69 -1519.49
300.889 -1591.6
339.321 -1165.07
339.52 -1219.38
339.719 -1251.93
339.918 -1110.08
340.118 -1374.88
340.317 -1373.89
340.516 -1382.48
340.715 -1420.66
340.914 -1133.3
341.113 -1192.92
341.312 -1404.63
341.511 -1904.15
341.711 -2247.91
341.91 -2879.26
342.109 -4220.49
342.308 -6913.18
342.507 -10049
342.706 -14297.5
342.905 -20981.2
343.105 -28428.2
343.304 -37466.8
343.503 -46819.4
343.702 -53683.7
343.901 -63082.2
344.1 -69960.1
344.299 -70315.7
344.498 -72478.8
344.698 -66416.9
344.897 -58184.6
345.096 -50377.1
345.295 -37961.2
345.494 -31386.8
345.693 -22157.5
345.892 -15483.8
346.091 -10376.3
346.291 -7157.85
346.49 -4780.61
346.689 -3384.71
346.888 -2150.34
347.087 -1571.82
347.286 -1092.72
347.485 -887.592
347.684 -1034.51
347.884 -985.84
348.083 -889.85
348.282 -736.973
348.481 -908.976
348.68 -880.337
348.879 -708.587
349.078 -784.933
349.277 -842.179
349.477 -956.67
349.676 -861.252
349.875 -756.229
350.074 -794.359
350.273 -794.275
350.472 -1052.54
350.671 -928.16
350.87 -822.625
351.07 -937.791
351.269 -957.044
351.468 -716.199
351.667 -1072.78
351.866 -1005.3
352.065 -986.002
352.264 -831.796
352.464 -1014.79
352.663 -822.471
352.862 -918.581
353.061 -985.613
353.26 -1081.09
353.459 -994.897
353.658 -851.74
353.857 -899.4
354.057 -994.568
354.256 -937.422
354.455 -737.709
354.654 -965.891
354.853 -766.294
355.052 -794.819
355.251 -899.332
355.45 -766.346
355.65 -918.316
355.849 -965.788
356.048 -918.301
356.247 -870.827
356.446 -880.318
356.645 -965.732
356.844 -690.525
362.818 -776.462
363.017 -757.67
363.216 -842.31
363.416 -720.137
363.615 -823.496
363.814 -767.16
364.013 -814.098
364.212 -823.476
364.411 -945.405
364.61 -776.572
364.809 -635.756
365.009 -795.304
365.208 -964.924
365.407 -681.35
365.606 -1061.64
365.805 -928.148
366.004 -927.339
366.203 -1232.7
366.402 -1536.69
366.602 -1354.54
366.801 -1918.51
367 -1975.34
367.199 -1889.74
367.398 -1855.12
367.597 -2095.44
367.796 -2150.36
367.995 -2117.55
368.195 -2139.72
368.394 -2116.94
368.593 -1921.55
368.792 -1456.86
368.991 -1293.28
369.19 -1424.41
369.389 -935.96
369.589 -1005.5
369.788 -899.43
369.987 -983.999
370.186 -683.012
370.385 -758.026
370.584 -850.701
370.783 -748.737
370.982 -721.027
371.182 -748.683
371.381 -794.703
371.58 -739.437
371.779 -776.207
371.978 -619.924
372.177 -546.488
372.376 -776.096
372.575 -620.072
372.775 -684.313
406.228 -675.017
406.427 -638.973
406.626 -629.965
406.825 -756.027
407.025 -683.982
407.224 -548.947
407.423 -701.989
407.622 -584.928
407.821 -657.012
408.02 -657.049
408.219 -566.254
408.418 -803.285
408.618 -758.009
408.817 -719.919
409.016 -1005.23
409.215 -935.255
409.414 -1252.77
409.613 -1666.46
409.812 -1768.97
410.011 -2449.4
410.211 -2648.46
410.41 -3494.45
410.609 -3885.46
410.808 -4366.86
411.007 -4549.36
411.206 -4281.64
411.405 -4500.08
411.604 -4232.72
411.804 -3694.79
412.003 -3178.69
412.202 -2854.21
412.401 -2172.47
412.6 -1708.73
412.799 -1375.41
412.998 -1173
413.198 -803.026
413.397 -701.346
413.596 -776.37
413.795 -602.42
413.994 -693.111
414.193 -656.87
414.392 -629.897
414.591 -576.287
414.791 -683.316
414.99 -567.415
483.689 -412.662
483.888 -538.28
484.087 -488.058
484.286 -395.891
484.485 -370.726
484.684 -488.139
484.884 -521.739
485.083 -387.441
485.282 -496.653
485.481 -362.135
485.68 -446.274
485.879 -395.635
486.078 -420.889
486.277 -471.814
486.477 -300.321
486.676 -532.242
486.875 -444.756
487.074 -558.593
487.273 -584.809
487.472 -803.619
487.671 -730
487.87 -652.977
488.07 -765.121
488.269 -986.108
488.468 -1122.49
488.667 -1161.81
488.866 -1161.59
489.065 -1024.92
489.264 -995.481
489.464 -747.32
489.663 -823.442
489.862 -905.493
490.061 -493.649
490.26 -594.123
490.459 -541.055
490.658 -392.78
490.857 -488.972
491.057 -471.811
491.256 -523.176
491.455 -420.636
491.654 -633.685
491.853 -497.348
492.052 -429.256
492.251 -514.357
492.45 -395.205
492.65 -463.298
492.849 -412.201
493.048 -650.724
493.247 -429.211
493.446 -446.25
493.645 -420.659
559.158 -420.938
559.357 -379.428
559.557 -337.924
559.756 -387.731
559.955 -462.434
560.154 -337.929
560.353 -346.223
560.552 -329.598
560.751 -296.314
560.95 -396.018
561.15 -496.031
561.349 -295.576
561.548 -336.97
561.747 -463.237
561.946 -386.37
562.145 -584.133
562.344 -506.01
562.543 -522.778
562.743 -502.813
562.942 -647.215
563.141 -814.08
563.34 -671.416
563.539 -937.772
563.738 -870.097
563.937 -947.322
564.136 -1199.51
564.336 -1305.1
564.535 -851.32
564.734 -851.767
564.933 -842.379
565.132 -832.689
565.331 -850.53
565.53 -592.518
565.729 -757.294
565.929 -629.849
566.128 -711.243
566.327 -593.97
566.526 -674.739
566.725 -558.481
566.924 -638.41
567.123 -585.092
567.323 -453.823
567.522 -445.698
567.721 -428.93
567.92 -361.171
568.119 -412.504
568.318 -421.029
568.517 -387.598
568.716 -312.75
568.916 -404.334
569.115 -520.355
569.314 -478.81
569.513 -453.927
569.712 -437.362
569.911 -437.346
570.11 -486.906
570.309 -495.151
570.509 -362.986
570.708 -503.384
570.907 -420.795
571.106 -288.682
571.305 -453.814
571.504 -362.999
571.703 -379.51
571.902 -346.496
572.102 -313.487
572.301 -412.521
572.5 -346.507
572.699 -445.519
572.898 -288.765
573.097 -346.518
573.296 -346.522
573.495 -288.792
573.695 -321.789
573.894 -445.486
574.093 -478.462
574.292 -387.763
574.491 -527.907
574.69 -527.894
574.889 -371.278
575.088 -338.313
575.288 -445.446
575.487 -231.203
575.686 -363.044
575.885 -511.336
576.084 -379.523
576.283 -371.286
576.482 -346.579
576.682 -346.583
576.881 -371.29
577.08 -412.459
577.279 -445.388
577.478 -412.453
577.677 -437.145
577.876 -321.911
578.075 -387.755
578.275 -346.61
578.474 -461.808
578.673 -453.573
578.872 -387.753
579.071 -437.108
579.27 -428.878
579.469 -371.302
579.668 -321.959
579.868 -461.76
580.067 -552.212
580.266 -494.651
580.465 -346.631
580.664 -437.102
580.863 -445.347
581.062 -387.757
581.261 -313.629
581.461 -486.691
581.66 -610.598
581.859 -387.763
582.058 -338.102
582.257 -412.612
582.456 -371.128
582.655 -371.085
582.854 -445.954
583.054 -321
583.253 -362.61
583.452 -454.449
583.651 -429.408
583.85 -513.459
584.049 -412.511
584.248 -480.316
584.448 -360.083
584.647 -601.942
584.846 -541.055
585.045 -540.365
585.244 -638.867
585.443 -785.555
585.642 -841.942
585.841 -795.276
586.041 -851.853
586.24 -927.761
586.439 -747.624
586.638 -814.088
586.837 -767.294
587.036 -619.396
587.235 -620.576
587.434 -845.229
587.634 -594.007
587.833 -610.538
588.032 -531.802
588.231 -353.232
588.43 -387.527
588.629 -429.274
588.828 -288.565
589.027 -330.116
589.227 -404.168
589.426 -346.717
589.625 -387.707
589.824 -404.073
590.023 -346.767
590.222 -363.138
590.421 -387.683
590.62 -371.32
590.82 -330.423
591.019 -289.534
591.218 -387.675
591.417 -404.027
591.616 -420.376
591.815 -354.968
592.014 -281.399
592.213 -224.191
592.413 -338.626
592.612 -395.834
592.811 -338.632
593.01 -273.27
593.209 -297.789
593.408 -305.964
593.607 -371.315
593.807 -338.645
604.36 -314.849
604.559 -322.78
604.759 -227.582
604.958 -362.47
605.157 -322.791
605.356 -267.193
605.555 -362.527
605.754 -394.344
605.953 -290.99
606.152 -243.239
606.352 -394.451
606.551 -370.598
606.75 -251.076
606.949 -314.833
607.148 -306.84
607.347 -354.784
607.546 -378.84
607.745 -258.633
607.945 -451.32
608.144 -258.328
608.343 -387.245
608.542 -427.758
608.741 -436.006
608.94 -225.21
609.139 -355.011
609.338 -298.129
609.538 -330.632
609.737 -428.113
609.936 -419.933
610.135 -314.479
610.334 -371.191
610.533 -290.32
610.732 -354.979
610.932 -266.252
611.131 -330.781
611.33 -371.052
611.529 -193.937
611.728 -274.449
611.927 -371.034
612.126 -266.392
612.325 -282.48
612.525 -435.482
612.724 -306.615
612.923 -298.545
613.122 -346.899
613.321 -451.739
613.52 -467.913
613.719 -274.272
613.918 -282.32
614.118 -427.668
614.317 -379.223
676.046 -445.6
676.245 -362.876
676.445 -429.33
676.644 -496.557
676.843 -463.245
677.042 -317.715
677.241 -644.961
677.44 -541.119
677.639 -549.685
677.838 -647.952
678.038 -602.58
678.237 -748.354
678.436 -794.453
678.635 -665.9
678.834 -748.462
679.033 -702.557
679.232 -620.929
679.432 -540.647
679.631 -532.316
679.83 -514.928
680.029 -514.416
680.228 -370.716
680.427 -338.178
680.626 -208.158
680.825 -354.971
681.025 -402.769
681.224 -219.571
681.423 -283.239
681.622 -314.772
681.821 -283.364
682.02 -330.275
682.219 -252.212
682.418 -205.606
682.618 -337.737
682.817 -275.635
683.016 -236.969
683.215 -352.809
683.414 -375.757
683.613 -237.16
683.812 -252.14
684.011 -416.199
684.211 -252.137
684.41 -283.387
684.609 -205.238
684.808 -259.932
685.007 -330.312
685.206 -502.617
685.405 -338.264
685.604 -299.046
685.804 -251.588
686.003 -219.285
686.202 -387.115
686.401 -306.036
686.6 -420.943
686.799 -446.304
686.998 -384.71
687.197 -496.252
687.397 -547.547
687.596 -785.981
687.795 -956.561
687.994 -937.659
688.193 -1064.24
688.392 -875.808
688.591 -1441.73
688.791 -1133.36
688.99 -1380.61
689.189 -966.256
689.388 -1053.67
689.587 -775.939
689.786 -767.324
689.985 -693.363
690.184 -611.796
690.384 -454.418
690.583 -395.63
690.782 -371.208
690.981 -314.325
691.18 -322.773
691.379 -283.033
691.578 -385.941
691.777 -330.514
691.977 -275.505
692.176 -314.701
692.375 -212.943
692.574 -252.092
692.773 -283.382
692.972 -322.479
693.171 -314.659
693.37 -353.752
693.57 -314.658
714.478 -283.182
714.677 -291.096
714.876 -417.752
715.075 -378.176
715.275 -346.514
715.474 -409.867
715.673 -314.846
715.872 -283.154
716.071 -275.208
716.27 -179.939
716.469 -291.005
716.668 -298.908
716.868 -290.83
717.067 -362.931
717.266 -379.239
717.465 -346.854
717.664 -305.5
717.863 -296.252
718.062 -429.429
718.261 -395.224
718.461 -471.794
718.66 -584.447
718.859 -558.635
719.058 -567.504
719.257 -426.282
719.456 -629.311
719.655 -699.503
719.854 -628.627
720.054 -445.497
720.253 -506.192
720.452 -454.789
720.651 -328.576
720.85 -429.264
721.049 -395.972
721.248 -314.266
721.447 -379.248
721.647 -338.837
721.846 -314.802
722.045 -282.933
722.244 -227.304
722.443 -346.64
722.642 -259.265
722.841 -370.41
723.041 -322.786
723.24 -378.323
723.439 -338.652
723.638 -394.189
723.837 -346.587
724.036 -219.638
724.235 -378.328
772.026 -146.43
772.225 -290.496
772.424 -222.266
772.623 -222.271
772.822 -267.741
773.022 -275.314
773.221 -199.557
773.42 -298.026
773.619 -290.446
773.818 -275.297
774.017 -199.577
774.216 -290.448
774.416 -267.74
774.615 -351.225
774.814 -244.992
775.013 -275.529
775.212 -275.63
775.411 -416.719
775.61 -290.581
775.809 -429.332
776.009 -567.255
776.208 -665.823
776.407 -878.836
776.606 -1282.07
776.805 -1921.29
777.004 -2281.51
777.203 -4113.25
777.402 -5138.1
777.602 -6263.62
777.801 -8614.33
778 -10169
778.199 -12773.4
778.398 -14403.7
778.597 -16041.3
778.796 -15554.2
778.995 -16688.3
779.195 -16013
779.394 -14913.6
779.593 -13974.8
779.792 -11634.6
779.991 -9630.95
780.19 -7692
780.389 -5878.3
780.588 -4475.4
780.788 -2936.31
780.987 -2293.31
781.186 -1613.26
781.385 -1054.41
781.584 -637.857
781.783 -436.147
781.982 -395.984
782.181 -306.688
782.381 -267.727
782.58 -244.846
782.779 -336.283
782.978 -192.073
783.177 -244.999
783.376 -244.99
783.575 -260.035
783.775 -162.212
783.974 -290.17
784.173 -184.704
784.372 -237.457
784.571 -192.107
784.77 -139.037
784.969 -191.932
785.168 -191.841
785.368 -222.179
785.567 -321.117
785.766 -222.129
785.965 -305.928
786.164 -222.14
786.363 -252.599
786.562 -267.79
786.761 -313.258
786.961 -282.852
787.16 -282.772
787.359 -290.228
787.558 -260.036
787.757 -252.486
787.956 -184.946
788.155 -297.401
788.354 -229.963
788.554 -200.038
788.753 -244.919
788.952 -289.757
789.151 -147.777
789.35 -289.72
789.549 -282.238
789.748 -177.701
789.947 -200.105
790.147 -267.279
790.346 -215.039
790.545 -222.502
790.744 -282.175
790.943 -162.842
801.298 -237.438
801.497 -147.72
801.696 -222.485
801.895 -229.964
802.094 -244.933
802.293 -177.551
802.493 -237.452
802.692 -214.976
802.891 -244.95
803.09 -199.971
803.289 -229.958
803.488 -229.957
803.687 -282.47
803.886 -267.469
804.086 -214.952
804.285 -312.472
804.484 -192.461
804.683 -334.914
804.882 -282.415
805.081 -289.879
805.28 -252.421
805.479 -125.209
805.679 -342.166
805.878 -200.047
806.077 -267.365
806.276 -177.58
806.475 -177.54
806.674 -259.948
806.873 -177.396
807.072 -267.552
807.272 -154.513
807.471 -229.88
807.67 -290.572
807.869 -222.051
808.068 -375.548
808.267 -275.633
808.466 -236.336
808.666 -394.206
808.865 -306.654
809.064 -273.324
809.263 -520.359
809.462 -286.509
809.661 -488.845
809.86 -523.428
810.059 -480.24
810.259 -619.556
810.458 -488.702
810.657 -488.766
810.856 -471.555
811.055 -437.339
811.254 -574.079
811.453 -446.261
811.652 -379.426
811.852 -404.065
812.051 -322.685
812.25 -362.664
812.449 -330.571
812.648 -306.82
812.847 -252.372
813.046 -198.495
813.245 -267.911
813.445 -214.239
813.644 -183.689
813.843 -359.664
814.042 -222.005
814.241 -237.298
814.44 -183.773
814.639 -298.472
814.838 -260.234
815.038 -283.19
815.237 -244.927
815.436 -336.801
862.032 -282.056
862.231 -170.164
862.43 -184.944
862.629 -297.66
862.828 -245.002
863.027 -229.889
863.227 -161.681
863.426 -260.19
863.625 -260.221
863.824 -313.9
864.023 -345.26
864.222 -220.607
864.421 -370.807
864.62 -330.221
864.82 -420.801
865.019 -647.033
865.218 -886.894
865.417 -1120.58
865.616 -972.446
865.815 -1415.47
866.014 -1706.21
866.213 -2549.86
866.413 -2559.02
866.612 -3201.8
866.811 -3897.09
867.01 -3752.74
867.209 -3846.75
867.408 -4463.88
867.607 -4245.89
867.806 -3873.34
868.006 -3896.26
868.205 -3109.24
868.404 -3310.71
868.603 -2094.9
868.802 -2071.99
869.001 -1591.85
869.2 -1301.95
869.4 -984.889
869.599 -720.757
869.798 -488.703
869.997 -446.252
870.196 -371.297
870.395 -338.695
870.594 -299.003
870.793 -206.235
870.993 -244.936
871.192 -275.438
871.391 -176.677
871.59 -214.687
871.789 -229.861
871.988 -252.579
872.187 -245.009
914.402 -150.851
914.602 -192.565
914.801 -164.756
915 -150.851
915.199 -129.988
915.398 -116.068
915.597 -95.1667
915.796 -227.453
915.995 -255.454
916.195 -164.769
916.394 -143.71
916.593 -150.626
916.792 -107.789
916.991 -200.372
917.19 -236.813
917.389 -281.556
917.588 -184.876
917.788 -298.509
917.987 -314.609
918.186 -275.088
918.385 -282.176
918.584 -354.883
918.783 -354.448
918.982 -379.094
919.181 -463.142
919.381 -429.414
919.58 -505.166
919.779 -437.746
919.978 -495.313
920.177 -322.338
920.376 -362.928
920.575 -228.056
920.775 -252.423
920.974 -298.135
921.173 -252.316
921.372 -200.427
921.571 -164.299
921.77 -257.454
921.969 -129.297
922.168 -143.647
922.368 -164.768
922.567 -157.784
922.766 -129.891
922.965 -136.875
923.164 -171.745
923.363 -185.74
923.562 -136.722
923.761 -122.492
923.961 -129.264
924.16 -207.439
924.359 -178.778
924.558 -163.955
924.757 -237.291
924.956 -267.441
925.155 -305.797
925.354 -275.613
925.554 -275.609
925.753 -291.183
925.952 -291.089
926.151 -378.454
926.35 -267.1
926.549 -275.15
926.748 -283.234
926.947 -361.717
927.147 -275.634
927.346 -206.619
927.545 -245.007
927.744 -274.68
927.943 -244.519
928.142 -171.407
928.341 -171.646
928.54 -143.291
928.74 -136.47
928.939 -136.661
929.138 -199.751
929.337 -269.414
929.536 -178.688
929.735 -227.348
929.934 -192.55
930.134 -130.024
930.333 -143.92
930.532 -220.277
930.731 -254.954
930.93 -220.235
931.129 -130.076
931.328 -185.517
931.527 -247.764
931.727 -178.532
931.926 -185.38
932.125 -137.15
932.324 -144.05
932.523 -130.405
932.722 -164.475
932.921 -83.1397
933.12 -130.566
933.32 -90.3533
933.519 -177.359
933.718 -130.603
933.917 -143.897
934.116 -137.246
934.315 -90.6832
934.514 -90.5829
934.713 -177.457
934.913 -170.919
935.112 -157.565
935.311 -164.431
935.51 -150.887
935.709 -178.28
935.908 -123.438
936.107 -88.9265
936.306 -116.391
936.506 -123.24
936.705 -150.885
936.904 -130.099
937.103 -143.945
937.302 -123.139
937.501 -185.548
937.7 -136.999
937.9 -164.743
938.099 -130.06
938.298 -130.059
938.497 -199.428
938.696 -88.4389
938.895 -123.123
959.206 -144.07
959.405 -157.693
959.604 -178.135
959.804 -103.082
960.003 -95.9019
960.202 -157.798
960.401 -178.874
960.6 -251.928
960.799 -391.287
960.998 -338.667
961.197 -514.945
961.397 -720.893
961.596 -1113.55
961.795 -1645.39
961.994 -2149.4
962.193 -3155.37
962.392 -4561.61
962.591 -5878.77
962.79 -7196.84
962.99 -9041.55
963.189 -10757.4
963.388 -12898.7
963.587 -14304.2
963.786 -14971.2
963.985 -15912.2
964.184 -14828.1
964.384 -15041.9
964.583 -13937.1
964.782 -12300.2
964.981 -10580.5
965.18 -9294.37
965.379 -7107.1
965.578 -5576.63
965.777 -3306.54
965.977 -3051.68
966.176 -2478.97
966.375 -1354.28
966.574 -976.398
966.773 -538.805
966.972 -420.783
967.171 -235.185
967.37 -305.1
967.57 -186.013
967.769 -171.639
967.968 -90.0284
968.167 -143.908
968.366 -170.134
968.565 -110.846
968.764 -91.2405
968.963 -156.625
1000.43 -79.7467
1000.62 -26.9276
1000.82 -85.6463
1001.02 -79.7782
1001.22 -26.6682
1001.42 -115.32
1001.62 -67.9317
1001.82 -55.9214
1002.02 -73.7981
1002.22 -85.8698
1002.42 -104.388
1002.62 -136.14
1002.82 -104.445
1003.01 -157.34
1003.21 -206.217
1003.41 -200.352
1003.61 -237.382
1003.81 -329.512
1004.01 -330.756
1004.21 -453.182
1004.41 -395.865
1004.61 -463.282
1004.81 -514.946
1005.01 -672.667
1005.2 -611.556
1005.4 -532.291
1005.6 -401.102
1005.8 -402.405
1006 -429.227
1006.2 -395.983
1006.4 -314.324
1006.6 -299.024
1006.8 -229.603
1007 -244.725
1007.2 -135.893
1007.4 -206.333
1007.59 -123.839
1007.79 -130.537
1007.99 -143.124
1008.19 -104.545
1008.39 -60.5925
1008.59 -60.8419
1008.79 -104.412
1008.99 -85.8146
1009.19 -110.562
1009.39 -73.4515
1009.59 -36.3198
1009.78 -129.155
1009.98 -104.399
1010.18 -123.018
1107.16 -85.0491
1107.36 -104.453
1107.56 -104.422
1107.76 -78.2144
1107.95 -183.367
1108.15 -204.394
1108.35 -171.56
1108.55 -228.869
1108.75 -402.361
1108.95 -457.749
1109.15 -530.862
1109.35 -620.933
1109.55 -1014.66
1109.75 -1354.95
1109.95 -1696.38
1110.15 -2629.32
1110.34 -3966.15
1110.54 -4794.16
1110.74 -5550.03
1110.94 -6899
1111.14 -8363.33
1111.34 -9766.7
1111.54 -11510.9
1111.74 -12423.9
1111.94 -12869.9
1112.14 -12453.1
1112.34 -13007
1112.53 -10810.4
1112.73 -10974.6
1112.93 -9108.73
1113.13 -7443.72
1113.33 -6399.59
1113.53 -4829.96
1113.73 -3741.68
1113.93 -2879.15
1114.13 -2150.7
1114.33 -1436.5
1114.53 -867.568
1114.73 -684.056
1114.92 -471.653
1115.12 -314.485
1115.32 -176.443
1115.52 -135.526
1115.72 -157.798
1115.92 -97.2235
1116.12 -117.42
1116.32 -53.0237
1116.52 -85.4029
1116.72 -72.8075
1116.92 -79.2261
1117.11 -85.5839
1117.31 -123.468
1117.51 -72.9983
1117.71 -54.1013
1117.91 -79.3236
1118.11 -85.6288
1118.31 -35.244
1118.51 -91.9308
1118.71 -79.3361
1118.91 -136.014
1119.11 -98.2286
1119.31 -104.527
1119.5 -66.7371
1119.7 -79.3347
1119.9 -98.2288
1120.1 -117.115
1120.3 -85.6451
1120.5 -104.52
1120.7 -104.516
1120.9 -85.6751
1121.1 -129.595
1121.3 -66.9026
1121.5 -160.824
1121.69 -123.241
1121.89 -110.721
1122.09 -60.7889
1122.29 -135.628
1122.49 -73.3086
1122.69 -91.9964
1122.89 -147.968
1123.09 -129.288
1123.29 -85.7908
1123.49 -129.243
1123.69 -85.8002
1123.88 -147.801
1124.08 -129.182
1124.28 -79.6197
1124.48 -92.0056
1124.68 -79.6338
1124.88 -48.7274
1125.08 -135.261
1125.28 -104.357
1168.29 -85.7471
1168.49 -79.5041
1168.69 -98.228
1168.89 -116.959
1169.09 -60.7593
1169.29 -54.5039
1169.49 -104.478
1169.68 -73.2272
1169.88 -110.739
1170.08 -142.04
1170.28 -148.345
1170.48 -60.6019
1170.68 -129.642
1170.88 -85.6388
1171.08 -110.847
1171.28 -91.8793
1171.48 -91.8358
1171.68 -91.779
1171.87 -130.17
1172.07 -130.263
1172.27 -78.5964
1172.47 -136.902
1172.67 -130.455
1172.87 -91.2832
1173.07 -97.783
1173.27 -130.509
1173.47 -143.589
1173.67 -104.356
1173.87 -117.421
1174.07 -123.909
1174.26 -91.5388
1174.46 -123.823
1174.66 -143.002
1174.86 -142.863
1175.06 -98.1823
1175.26 -66.4818
1175.46 -53.9211
1175.66 -79.2778
1175.86 -104.531
1176.06 -129.718
1176.26 -79.3506
1176.45 -110.811
1176.65 -91.9425
1176.85 -135.957
1177.05 -91.9435
1177.25 -104.519
1177.45 -110.808
1177.65 -85.6519
1177.85 -117.102
1178.05 -104.522
1208.12 -45.8912
1208.32 -35.2776
1208.51 -45.8897
1208.71 -19.2793
1208.91 -61.8992
1209.11 -88.8279
1209.31 -45.8207
1209.51 -67.7104
1209.71 -90.3751
1209.91 -21.8976
1210.11 -37.9934
1210.31 -141.854
1210.51 -91.2887
1210.7 -150.907
1210.9 -229.291
1211.1 -252.581
1211.3 -283.167
1211.5 -371.27
1211.7 -523.112
1211.9 -637.984
1212.1 -837.688
1212.3 -850.005
1212.5 -785.985
1212.7 -682.034
1212.9 -681.409
1213.09 -766.731
1213.29 -748.328
1213.49 -646.581
1213.69 -611.301
1213.89 -719.166
1214.09 -523.633
1214.29 -505.081
1214.49 -363.091
1214.69 -221.366
1214.89 -252.096
1215.09 -199.951
1215.28 -130.598
1215.48 -91.8067
1215.68 -67.6181
1215.88 -73.8795
1216.08 -62.3288
1216.28 -40.1774
1216.48 -56.6546
1216.68 -40.5331
1216.88 -61.7927
1217.08 -93.3432
1217.28 -40.6369
1217.48 -45.8896
1217.67 -24.937
1217.87 -9.25202
1294.34 -36.6335
1294.54 -9.34801
1294.74 -17.1423
1294.94 -5.40329
1295.13 -25.118
1295.33 11.0194
1295.53 -17.2711
1295.73 -17.2011
1295.93 -16.8633
1296.13 -45.457
1296.33 -14.1189
1296.53 -90.9296
1296.73 -122.89
1296.93 -163.795
1297.13 -171.778
1297.33 -207.354
1297.52 -322.781
1297.72 -412.628
1297.92 -480.376
1298.12 -603.049
1298.32 -693.488
1298.52 -692.789
1298.72 -870.741
1298.92 -1004.28
1299.12 -880.302
1299.32 -1004.41
1299.52 -993.933
1299.71 -701.843
1299.91 -702.653
1300.11 -638.867
1300.31 -575.702
1300.51 -421.028
1300.71 -266.836
1300.91 -100.793
1301.11 -135.974
1301.31 -117.249
1301.51 -73.4492
1301.71 -56.6398
1301.91 -14.678
1302.1 -26.0063
1302.3 -21.5392
1302.5 -21.1757
1302.7 -13.173
1302.9 -6.01029
1303.1 -9.39788
1303.3 -12.5016
1303.5 0.16674
1303.7 -6.06687
1303.9 -3.02327
1304.1 -12.0162
1327.59 3.76346
1327.79 -0.591431
1327.99 -0.591486
1328.19 -2.77582
1328.39 -2.7799
1328.59 3.79654
1328.79 -2.79429
1328.99 -0.591432
1329.19 3.87594
1329.38 -11.8841
1329.58 -2.87904
1329.78 6.45075
1329.98 -0.558659
1330.18 -0.528923
1330.38 -3.05096
1330.58 -5.75626
1330.78 5.28034
1330.98 -8.89316
1331.18 0.0142422
1331.38 -9.2401
1331.58 -9.35179
1331.77 -12.7774
1331.97 -2.61021
1332.17 -9.48545
1332.37 -9.49289
1332.57 -5.98133
1332.77 -5.99812
1332.97 -9.4724
1333.17 -2.68865
1333.37 -9.37498
1333.57 -6.09276
1333.77 6.20791
1333.96 -11.9063
1334.16 -11.578
1334.36 -0.370526
1334.56 -10.9043
1334.76 2.01403
1334.96 1.90261
1335.16 -0.564476
1335.36 1.7609
1335.56 -0.583206
1335.76 -0.586743
1335.96 -0.588598
1336.16 1.66043
1336.35 -2.83339
1336.55 -0.59032
1336.75 6.12275
1336.95 -11.7761
1337.15 -5.06507
1337.35 3.88544
1396.69 1.36851
1396.89 -0.52704
1397.09 -0.527657
1397.29 -0.528395
1397.49 5.17608
1397.69 -0.530544
1397.88 1.37664
1398.08 -0.534427
1398.28 -2.45965
1398.48 3.32413
1398.68 1.40042
1398.88 1.41276
1399.08 -4.5397
1399.28 3.46976
1399.48 3.53229
1399.68 3.60669
1399.88 3.69222
1400.08 -2.78091
1400.27 1.64859
1400.47 3.98938
1400.67 -0.577687
1400.87 4.17361
1401.07 -0.55929
1401.27 4.29184
1401.47 1.88294
1401.67 1.88083
1401.87 -7.80836
1402.07 -5.35634
1402.27 -5.31429
1402.46 4.1284
1402.66 -0.57552
1402.86 -17.1261
1403.06 -10.3306
1403.26 -10.9375
1403.46 -0.135393
1403.66 -26.3878
1403.86 -25.203
1404.06 -44.8642
1404.26 -106.184
1404.46 -249.73
1404.66 -243.029
1404.85 -322.772
1405.05 -567.072
1405.25 -1068.2
1405.45 -1223.19
1405.65 -2233.18
1405.85 -2651.92
1406.05 -3683.33
1406.25 -4954.42
1406.45 -6667.31
1406.65 -8441.05
1406.85 -10116.7
1407.04 -11621.7
1407.24 -13080.6
1407.44 -13696.8
1407.64 -14543.1
1407.84 -16199.9
1408.04 -16027.9
1408.24 -14510.5
1408.44 -14700.8
1408.64 -14895.8
1408.84 -11994.3
1409.04 -10047.2
1409.24 -9175.62
1409.43 -7288.48
1409.63 -5941.97
1409.83 -4305.61
1410.03 -3318.64
1410.23 -2293.42
1410.43 -1867.06
1410.63 -1133.37
1410.83 -591.875
1411.03 -446.296
1411.23 -244.743
1411.43 -123.199
1411.62 -110.288
1411.82 -8.84558
1412.02 -7.97281
1412.22 9.62598
1412.42 3.55257
1412.62 -0.331519
1412.82 -0.545811
1452.65 2.02585
1452.84 1.71056
1453.04 2.35855
1453.24 2.03496
1453.44 2.47302
1453.64 1.01907
1453.84 0.754766
1454.04 0.408737
1454.24 3.69063
1454.44 2.85553
1454.64 -0.574089
1454.84 -0.507945
1455.03 3.02354
1455.23 -13.0255
1455.43 -9.19072
1455.63 -17.0367
1455.83 -55.3543
1456.03 -72.5429
1456.23 -56.6338
1456.43 -91.8468
1456.63 -123.357
1456.83 -117.42
1457.03 -110.549
1457.23 -137.256
1457.42 -150.9
1457.62 -150.873
1457.82 -185.504
1458.02 -171.521
1458.22 -116.96
1458.42 -177.113
1458.62 -110.932
1458.82 -85.6471
1459.02 -67.6091
1459.22 -62.1326
1459.42 -50.9769
1459.61 -18.2625
1459.81 -24.5372
1460.01 -45.877
1460.21 -66.2254
1460.41 -15.5307
1460.61 -35.6364
1460.81 -11.2698
1461.01 -40.2949
1461.21 -35.3498
1461.41 -26.0257
1461.61 -38.8115
1461.8 -9.06709
1462 -13.2382
1462.2 -9.49907
1462.4 -2.87671
1462.6 -8.79894
1462.8 1.94127
1463 -13.0053
1463.2 4.58993
1463.4 -2.53607
1463.6 3.09331
1463.8 2.59423
1464 2.22482
1464.19 2.00045
1464.39 1.76894
1464.59 2.03751
1464.79 1.5462
1464.99 2.08115
1465.19 1.43844
1465.39 2.81597
1465.59 2.86306
1465.79 1.36
1523.14 2.00273
1523.34 2.00412
1523.53 2.16503
1523.73 2.21359
1523.93 2.01861
1524.13 0.958464
1524.33 2.06475
1524.53 2.12402
1524.73 2.23489
1524.93 1.24698
1525.13 1.23733
1525.33 -0.531847
1525.53 -2.89895
1525.73 2.39498
1525.92 -15.5858
1526.12 -9.50101
1526.32 -1.34483
1526.52 4.39173
1526.72 -30.6934
1526.92 -15.9067
1527.12 -9.62285
1527.32 -51.2362
1527.52 -23.5083
1527.72 -45.384
1527.92 -68.0338
1528.11 -79.5133
1528.31 -50.9037
1528.51 -67.9629
1528.71 -56.7203
1528.91 -40.5127
1529.11 -25.2288
1529.31 -60.1527
1529.51 -35.2885
1529.71 -64.4846
1529.91 -9.29748
1530.11 -9.50036
1530.3 -18.7468
1530.5 -22.4156
1530.7 -10.0273
1530.9 -0.560335
1531.1 2.9142
1531.3 -0.131819
1531.5 0.136273
1531.7 2.2627
1531.9 2.19155
1532.1 2.88018
1532.3 2.80317
1532.5 2.75988
1532.69 2.73851
1532.89 1.48491
1533.09 1.48445
1759.5 0.981067
1759.7 0.982568
1759.9 0.985061
1760.1 0.9891
1760.3 0.995483
1760.5 1.00532
1760.7 1.02011
1760.9 2.34621
1761.09 2.31862
1761.29 1.11577
1761.49 2.23939
1761.69 2.1894
1761.89 2.13624
1762.09 1.47274
1762.29 2.04102
1762.49 2.01106
1762.69 2
1762.89 2.01086
1763.09 2.04385
1763.28 0.327283
1763.48 1.40757
1763.68 2.23377
1763.88 1.29471
1764.08 -0.912405
1764.28 2.39795
1764.48 1.25202
1764.68 3.54645
1764.88 1.26699
1765.08 2.30985
1765.28 3.15138
1765.48 2.94214
1765.67 1.49332
1765.87 2.04906
1766.07 1.78455
1766.27 2.00012
1766.47 1.81977
1766.67 2.03651
1766.87 1.48971
1767.07 2.12959
1767.27 2.18275
1767.47 2.23327
1767.67 1.12246
1767.86 2.31435
1768.06 2.34292
1768.26 2.36416
1768.46 2.37928
1768.66 0.996649
1768.86 2.39654
1769.06 0.985548
1769.26 3.82457
1769.46 0.981252
2609.58 0.0832554
2609.78 0.0909757
2609.98 0.102265
2610.18 0.118451
2610.37 5.44261
2610.57 0.172553
2610.77 0.214884
2610.97 0.270884
2611.17 0.343443
2611.37 0.435494
2611.57 0.549782
2611.77 0.688582
2611.97 2.55679
2612.17 3.64301
2612.37 1.26075
2612.57 2.07559
2612.76 1.7554
2612.96 2.00012
2613.16 1.74722
2613.36 2.06484
2613.56 2.12625
2613.76 2.19313
2613.96 3.18813
2614.16 2.30496
2614.36 1.27917
2614.56 -0.853916
2614.76 1.28413
2614.95 2.28442
2615.15 2.22813
2615.35 2.16253
2615.55 1.50502
2615.75 1.2534
2615.95 2.16922
2616.15 1.90011
2616.35 2.03747
2616.55 2.11821
2616.75 1.16011
2616.95 3.91119
2617.14 0.776103
2617.34 0.623302
2617.54 3.28499
2617.74 0.39199
2617.94 0.309086
2618.14 0.244326
2618.34 0.194784
2618.54 0.157653
2618.74 0.130382
2618.94 0.11075
2619.14 0.0968934
2619.34 0.0873032
