41.5296 -1623.52
41.7156 -1571.69
41.9016 -1550.96
42.0877 -1592.49
42.2737 -1104.62
42.4597 -1654.83
42.6457 -1686.03
42.8317 -1789.98
43.0178 -1312.01
43.2038 -1717.38
43.3898 -1457.46
43.5758 -1478.23
43.7619 -1811.35
43.9479 -1415.65
44.1339 -1467.66
44.3199 -1425.76
44.5059 -1268.54
44.692 -1425.09
44.878 -1719.02
45.064 -1708.68
45.25 -1931.23
45.4361 -1910.74
45.6221 -1622.78
45.8081 -1900.82
45.9941 -1782.46
46.1801 -1976.37
46.3662 -1846.65
46.5522 -1922.31
46.7382 -2290.08
46.9242 -1922.39
47.1103 -1847
47.2963 -1847.15
47.4823 -1611.74
47.6683 -2166.93
47.8543 -1740.54
48.0404 -1825.22
48.2264 -1486.94
48.4124 -1613.78
48.5984 -1550.73
48.7845 -1403.75
48.9705 -1529.89
49.1565 -1918.16
49.3425 -1666.32
49.5286 -1760.73
49.7146 -1603.38
49.9006 -1383.02
50.0866 -1435.45
50.2726 -1529.88
50.4587 -1540.35
50.6447 -1771.46
50.8307 -1508.73
51.0167 -1666.43
51.2028 -1519.07
51.3888 -1687.54
51.5748 -1782.53
51.7608 -1687.58
51.9468 -1729.9
52.1329 -1602.71
52.3189 -1793.64
52.5049 -1889.45
52.6909 -1974.86
52.877 -1644.41
53.063 -1836.44
53.249 -1644.21
53.435 -1868.49
53.6211 -1729.69
53.8071 -1655.09
53.9931 -2038.78
54.1791 -1697.95
54.3651 -1613.01
54.5512 -1889.14
54.7372 -1751.13
54.9232 -1602.79
55.1092 -1888.71
55.2953 -1740.48
55.4813 -1581.78
55.6673 -1782.78
55.8533 -1740.46
56.0394 -1624.1
56.2254 -1486.55
56.4114 -1539.43
56.5974 -1740.49
56.7834 -1708.74
56.9695 -2005.22
57.1555 -1909.96
57.3415 -1645.17
57.5275 -1878.27
57.7136 -1698.13
57.8996 -1676.92
58.0856 -1740.53
181.234 -4868.19
181.42 -5139.18
181.606 -5250.01
181.792 -4917.45
181.978 -4572.63
182.164 -4634.22
182.35 -4781.99
182.536 -5126.79
182.722 -4892.82
182.909 -4708.01
183.095 -5040.77
183.281 -4868.09
183.467 -4608.22
183.653 -5164.9
183.839 -5065.2
184.025 -5426.43
184.211 -5891.27
184.397 -5992.29
184.583 -6873.99
184.769 -7314.65
184.955 -8138.99
185.141 -8403.29
185.327 -9765.81
185.513 -9630.88
185.699 -10948.8
185.885 -10962.7
186.071 -11635.9
186.257 -11388.1
186.443 -10440
186.629 -11428.1
186.815 -10335.5
187.001 -10023
187.187 -8681.6
187.373 -8403.35
187.559 -7027.45
187.745 -7080.81
187.931 -6514.38
188.117 -6156.77
188.303 -5827.39
188.489 -5214.53
188.675 -5747.38
188.861 -4991.53
189.047 -4338.45
189.233 -4695.97
189.419 -4855.81
189.605 -4818.92
189.792 -4769.81
189.978 -4831.14
190.164 -4475.41
190.35 -4401.86
190.536 -4401.9
190.722 -5076.31
190.908 -5137.57
191.094 -4463.29
237.043 -2628.54
237.229 -2514.72
237.415 -2537.62
237.601 -2970.13
237.787 -2901.8
237.973 -3004.08
238.159 -2674.37
238.345 -2935.83
238.531 -2810.81
238.717 -2810.85
238.903 -2696.75
239.089 -2948.1
239.275 -2971.05
239.461 -3446.28
239.647 -3447.43
239.833 -3885.53
240.019 -4415.55
240.205 -4978.96
240.391 -5979.95
240.577 -7184.63
240.763 -8627.7
240.949 -9605.12
241.135 -10539.1
241.321 -12466.2
241.508 -13556.6
241.694 -13993.9
241.88 -14347.1
242.066 -13724.3
242.252 -14163.2
242.438 -13150.6
242.624 -12328
242.81 -11305.3
242.996 -9834.27
243.182 -8006.76
243.368 -6601.76
243.554 -6106.66
243.74 -4706.32
243.926 -4500.37
244.112 -4016
244.298 -3096.78
244.484 -3074.7
244.67 -2742.54
244.856 -2493.84
245.042 -2292.29
245.228 -2248.37
245.414 -2516.43
245.6 -2516.2
245.786 -2571.57
245.972 -2504.74
246.158 -2238.4
246.344 -2205.21
246.53 -2426.8
246.716 -2371.38
246.902 -2238.58
253.972 -2435.83
254.158 -2172.63
254.344 -2205.51
254.53 -1975.39
254.716 -2074.03
254.902 -2161.65
255.088 -2205.44
255.274 -2106.91
255.46 -1811.45
255.646 -2008.44
255.832 -2446.08
256.018 -2172.56
256.204 -1975.59
256.39 -1931.73
256.576 -2150.71
256.762 -2348.15
256.948 -2249.54
257.134 -2348.72
257.32 -2161.42
257.506 -2293.89
257.692 -2493.6
257.878 -2404.94
258.064 -2058.79
258.25 -2236.87
258.436 -2213.91
258.622 -2932.34
258.808 -2539.22
258.994 -2685.24
259.18 -2707.46
259.366 -2550.3
259.552 -2226.35
259.738 -2371.55
259.924 -2404.72
260.111 -2227.6
260.297 -2282.65
260.483 -2139.73
260.669 -1844.43
260.855 -2357.85
261.041 -1997.95
261.227 -2063.26
261.413 -2063.21
261.599 -1824.53
261.785 -2366.6
261.971 -1651.45
262.157 -1803.19
262.343 -2182.04
262.529 -1998.05
262.715 -2127.82
262.901 -1933.17
263.087 -1846.71
263.273 -1663.08
263.459 -2235.6
263.645 -2008.77
263.831 -1890.02
269.97 -1761.26
270.156 -2008.19
270.342 -1503.74
270.528 -1965.2
270.714 -1772.09
270.9 -1932.98
271.086 -1761.41
271.272 -1772.15
271.458 -1536.37
271.644 -1772.17
271.83 -2115.11
272.016 -1793.6
272.203 -2050.9
272.389 -1847.18
272.575 -2051.18
272.761 -1997.63
272.947 -1943.95
273.133 -2062.71
273.319 -2052.16
273.505 -2301.91
273.691 -2150.36
273.877 -2183.34
274.063 -1855.1
274.249 -2348.23
274.435 -2161.64
274.621 -2348.67
274.807 -2161.6
274.993 -2227.6
275.179 -1909.29
275.365 -2019.37
275.551 -2041.47
275.737 -2247.82
275.923 -1749.39
276.109 -1728.72
276.295 -1761.51
276.481 -1932.38
276.667 -1783.03
276.853 -1486.42
277.039 -1845.95
277.225 -1476.8
277.411 -1719.06
277.597 -1719.01
277.783 -1445.61
277.969 -1729.54
278.156 -1813.8
278.342 -1687.53
278.528 -1771.9
278.714 -1814.21
278.9 -1539.73
279.086 -1677.01
279.272 -1666.43
279.458 -1677
279.644 -1518.3
279.83 -1867.44
280.016 -1719.31
280.202 -1518.31
280.388 -1740.46
280.574 -1740.45
280.76 -1708.73
280.946 -1835.56
281.132 -1645.31
281.318 -1465.73
281.504 -1581.97
281.69 -1592.55
281.876 -1888.13
282.062 -1856.41
282.248 -1508.23
290.248 -1415.59
290.434 -1498.98
290.62 -1571.94
290.806 -1613.62
290.992 -1436.44
291.178 -1342.51
291.364 -1540.65
291.55 -1812.65
291.736 -1739.92
291.922 -1666.43
292.108 -2156.95
292.294 -2128.22
292.48 -2127.84
292.666 -2856.21
292.852 -2966.96
293.038 -4960.96
293.224 -5237.7
293.41 -6716.85
293.596 -9242.35
293.782 -11593.9
293.968 -14359.8
294.154 -18413.8
294.34 -21845.5
294.526 -24662.1
294.712 -27653.3
294.898 -30509.8
295.084 -29306.2
295.27 -31208.2
295.456 -30666.1
295.642 -28587.4
295.829 -26312.2
296.015 -23787.6
296.201 -19187.6
296.387 -16041.6
296.573 -13332.9
296.759 -10280.6
296.945 -8046.93
297.131 -6744.19
297.317 -4781.95
297.503 -3766.4
297.689 -3132.22
297.875 -2181.36
298.061 -2106.91
298.247 -2211.33
298.433 -1740.43
298.619 -1530.05
298.805 -1561.51
298.991 -1675.56
299.177 -1354.04
299.363 -1478.36
299.549 -1488.69
299.735 -1364.66
299.921 -1385.35
300.107 -1406.03
346.988 -956.767
347.174 -917.819
347.36 -1034.78
347.546 -820.5
347.732 -1180.94
347.918 -937.232
348.104 -976.072
348.29 -1271.23
348.476 -1332.74
348.662 -1507.12
348.848 -1488.59
349.034 -1803.94
349.22 -2393.48
349.406 -3517.66
349.592 -4377.64
349.778 -6117.61
349.964 -9068.64
350.15 -12397.5
350.336 -16257.5
350.522 -22289.5
350.708 -27590.7
350.894 -32621.7
351.08 -36898.3
351.266 -44495.6
351.452 -49015.1
351.638 -51086
351.824 -54665.7
352.011 -54040.2
352.197 -53907.2
352.383 -49357.2
352.569 -46076
352.755 -38181.3
352.941 -33838.4
353.127 -26889.8
353.313 -21057.2
353.499 -17223
353.685 -12299.3
353.871 -9671.86
354.057 -6951.45
354.243 -5162.91
354.429 -3201.43
354.615 -2326.74
354.801 -1911.16
354.987 -1570.28
355.173 -1202.87
355.359 -966.738
355.545 -927.943
355.731 -776.464
355.917 -645.881
356.103 -702.257
356.289 -646.824
356.475 -859.684
356.661 -841.003
356.847 -610.453
381.776 -693.463
381.962 -657.009
382.148 -702.577
382.334 -666.122
382.52 -766.373
382.706 -748.147
382.892 -556.749
383.078 -784.616
383.264 -574.956
383.45 -684.352
383.636 -611.383
383.822 -602.218
384.009 -748.289
384.195 -711.782
384.381 -748.446
384.567 -748.547
384.753 -628.981
384.939 -748.728
385.125 -758.029
385.311 -711.4
385.497 -832.822
385.683 -870.63
385.869 -832.901
386.055 -832.708
386.241 -889.844
386.427 -1053.25
386.613 -1092.32
386.799 -860.102
386.985 -918.052
387.171 -1103.03
387.357 -1034.83
387.543 -907.503
387.729 -985.707
387.915 -1251.17
388.101 -1014.91
388.287 -1172.78
388.473 -1074
388.659 -1093.77
388.845 -935.754
389.031 -1103.63
389.218 -1132.98
389.404 -1034.83
389.59 -879.251
389.776 -1043.92
389.962 -928.153
390.148 -1070.44
390.334 -738.602
390.52 -917.129
390.706 -748.712
390.892 -600.589
391.078 -619.616
391.264 -794.525
391.45 -638.504
391.636 -839.843
391.822 -821.376
392.008 -647.848
392.194 -629.625
392.38 -574.934
392.566 -666.119
392.752 -638.775
392.938 -638.778
393.124 -456.5
393.31 -757.26
393.496 -620.554
393.682 -775.486
393.868 -857.508
449.866 -345.926
450.052 -354.289
450.238 -395.994
450.424 -370.996
450.61 -479.316
450.796 -495.951
450.982 -437.642
451.168 -379.362
451.354 -304.448
451.54 -512.557
451.726 -495.936
451.912 -420.999
452.098 -496.092
452.284 -337.459
452.47 -354.015
452.656 -521.887
452.842 -496.941
453.028 -437.817
453.214 -514.512
453.4 -437.445
453.586 -402.452
453.772 -506.224
453.958 -532.357
454.145 -638.056
454.331 -664.944
454.517 -585.251
454.703 -647.523
454.889 -549.675
455.075 -558.622
455.261 -549.842
455.447 -611.481
455.633 -471.179
455.819 -462.867
456.005 -618.208
456.191 -326.524
456.377 -420.846
456.563 -463.134
456.749 -354.014
456.935 -379.327
457.121 -246.622
457.307 -495.311
457.493 -420.773
457.679 -461.887
457.865 -321.955
458.051 -289.152
458.237 -363.105
458.423 -502.596
458.609 -387.723
458.795 -305.713
458.982 -322.11
459.168 -354.909
459.354 -371.314
459.54 -363.085
459.726 -404.229
459.912 -354.743
460.098 -313.222
460.284 -404.337
460.47 -454.422
460.656 -488.167
460.842 -378.803
461.028 -420.865
461.214 -531.469
461.4 -386.267
461.586 -506.164
461.772 -557.835
461.958 -514.836
462.144 -428.753
462.33 -531.947
462.516 -351.96
462.702 -454.775
462.888 -420.859
463.074 -437.852
463.26 -597.054
463.446 -362.675
463.632 -346.328
463.819 -453.695
464.005 -387.726
464.191 -420.355
464.377 -338.706
464.563 -314.376
464.749 -265.787
464.935 -444.093
465.121 -403.534
465.307 -435.809
465.493 -338.83
465.679 -379.188
465.865 -387.235
466.051 -338.837
466.237 -266.311
466.423 -306.619
466.609 -266.377
466.795 -330.791
466.981 -379.06
475.539 -387.071
475.725 -346.87
475.911 -427.158
476.097 -451.18
476.283 -394.971
476.469 -354.856
476.655 -242.664
476.841 -282.744
477.027 -386.87
477.213 -386.876
477.399 -354.848
477.585 -370.916
477.771 -258.476
477.958 -298.552
478.144 -338.821
478.33 -265.613
478.516 -281.369
478.702 -371.285
478.888 -387.722
479.074 -395.889
479.26 -395.549
479.446 -437.692
479.632 -575.064
479.818 -627.608
480.004 -575.931
480.19 -523.627
480.376 -523.61
480.562 -471.123
480.748 -506.199
480.934 -480.231
481.12 -566.561
481.306 -557.285
481.492 -471.693
481.678 -404.284
481.864 -313.157
482.05 -363.114
482.236 -363.137
482.422 -234.08
482.609 -314.803
482.795 -227.365
482.981 -338.59
483.167 -275.377
483.353 -291.179
483.539 -306.898
483.725 -259.813
483.911 -189.208
484.097 -291.193
484.283 -291.179
484.469 -322.713
484.655 -330.712
484.841 -394.664
485.027 -419.365
485.213 -257.359
485.399 -354.812
485.585 -395.974
485.771 -454.773
485.957 -488.993
486.143 -471.43
486.329 -497.047
486.515 -478.475
486.701 -692.715
486.887 -684.043
487.073 -629.939
487.26 -620.922
487.446 -611.978
487.632 -620.935
487.818 -673.734
488.004 -567.364
488.19 -532.145
488.376 -429.279
488.562 -404.29
488.748 -354.791
488.934 -371.255
489.12 -306.77
489.306 -338.597
489.492 -291.2
489.678 -260.07
489.864 -360.627
490.05 -214.085
490.236 -290.882
490.422 -306.08
490.608 -275.476
490.794 -260.214
490.98 -275.412
491.166 -275.385
491.352 -252.593
491.538 -313.249
491.724 -237.432
491.911 -229.869
492.097 -176.934
575.257 -129.924
575.444 -150.829
575.63 -164.764
575.816 -164.764
576.002 -136.89
576.188 -150.825
576.374 -234.493
576.56 -199.653
576.746 -143.816
576.932 -206.743
577.118 -192.816
577.304 -143.641
577.49 -136.43
577.676 -129.045
577.862 -221.906
578.048 -193.199
578.234 -229.784
578.42 -289.51
578.606 -313.008
578.792 -214.201
578.978 -189.939
579.164 -251.636
579.35 -282.809
579.536 -298.406
579.723 -306.107
579.909 -379.513
580.095 -330.261
580.281 -346.704
580.467 -502.107
580.653 -233.197
580.839 -475.644
581.025 -306.89
581.211 -346.173
581.397 -329.853
581.583 -229.69
581.769 -357.914
581.955 -200.222
582.141 -281.198
582.327 -265.905
582.513 -135.497
582.699 -186.013
582.885 -157.467
583.071 -228.63
583.257 -164.694
583.443 -193.005
583.629 -101.213
583.816 -108.385
584.002 -164.756
584.188 -185.827
584.374 -115.695
584.56 -171.769
584.746 -178.75
584.932 -192.694
585.118 -234.506
585.304 -185.667
585.49 -67.2849
585.676 -129.967
585.862 -143.891
586.048 -157.803
586.234 -164.755
586.42 -143.904
586.606 -178.652
586.792 -199.495
586.978 -81.3789
587.164 -171.7
587.35 -275.903
587.536 -143.912
587.722 -143.913
587.909 -123.076
588.095 -130.024
604.467 -164.548
604.653 -150.903
604.839 -157.788
605.025 -116.089
605.211 -207.164
605.397 -229.551
605.583 -222.299
605.769 -290.905
605.955 -386.886
606.141 -675.222
606.327 -1073.69
606.513 -1519.85
606.699 -2216.31
606.885 -3318.35
607.071 -4694.79
607.257 -6873.97
607.443 -10617.2
607.629 -13822.5
607.815 -16703.2
608.001 -21355.7
608.187 -26221.3
608.373 -32183.8
608.56 -34572.5
608.746 -40137.3
608.932 -42245.7
609.118 -45027.9
609.304 -45932.3
609.49 -45560.5
609.676 -43498.1
609.862 -41253.4
610.048 -35168
610.234 -31595.9
610.42 -26768.6
610.606 -22873.9
610.792 -17454.5
610.978 -14120.3
611.164 -10009.5
611.35 -7144.65
611.536 -5177.02
611.722 -3920.26
611.908 -2438.38
612.094 -2002.81
612.28 -1152.68
612.467 -775.88
612.653 -454.777
612.839 -298.912
613.025 -305.005
613.211 -178.858
613.397 -123.267
613.583 -144.048
613.769 -70.7994
613.955 -104.222
614.141 -150.156
656.746 -48.8569
656.932 -67.3489
657.118 -116.659
657.304 -79.6766
657.49 -79.6766
657.676 -67.3485
657.862 -122.825
658.048 -85.8394
658.234 -122.834
658.42 -73.5023
658.606 -141.365
658.792 -104.353
658.978 -98.1845
659.164 -67.2632
659.35 -98.1998
659.536 -110.622
659.722 -141.764
659.909 -73.2752
660.095 -85.7173
660.281 -85.6754
660.467 -117.13
660.653 -72.9214
660.839 -79.162
661.025 -98.1791
661.211 -136.47
661.397 -117.34
661.583 -130.203
661.769 -117.383
661.955 -59.2265
662.141 -156.422
662.327 -117.411
662.513 -143.869
662.699 -157.55
662.885 -88.7845
663.071 -178.872
663.257 -207.757
663.443 -222.283
663.63 -275.499
663.816 -330.63
664.002 -530.239
664.188 -488.951
664.374 -709.795
664.56 -684.339
664.746 -739.477
664.932 -842.336
665.118 -794.783
665.304 -937.671
665.49 -813.286
665.676 -908.961
665.862 -728.789
666.048 -870.151
666.234 -573.86
666.42 -611.948
666.606 -664.107
666.792 -471.834
666.978 -404.29
667.164 -378.662
667.35 -237.148
667.537 -200.277
667.723 -178.861
667.909 -157.805
668.095 -177.595
668.281 -169.843
668.467 -91.6566
668.653 -79.1972
668.839 -85.689
669.025 -85.7663
669.211 -123.001
669.397 -98.1871
669.583 -92.0051
669.769 -79.6766
669.955 -92.0032
670.141 -73.5294
670.327 -55.0631
698.235 -168.247
698.421 -91.803
698.607 -110.917
698.793 -79.0495
698.979 -85.4161
699.165 -98.1639
699.351 -149.233
699.537 -110.931
699.723 -34.0897
699.909 -72.4154
700.095 -123.835
700.281 -156.294
700.467 -130.473
700.653 -137.149
700.839 -117.278
701.025 -90.0217
701.212 -109.747
701.398 -199.657
701.584 -228.6
701.77 -171.509
701.956 -178.311
702.142 -177.619
702.328 -245.006
702.514 -229.544
702.7 -236.938
702.886 -174.433
703.072 -330.205
703.258 -384.724
703.444 -283.392
703.63 -190.875
703.816 -290.72
704.002 -327.776
704.188 -289.229
704.374 -193.164
704.56 -207.502
704.746 -108.46
704.933 -130.139
705.119 -246.178
705.305 -157.433
705.491 -123.965
705.677 -137.102
705.863 -84.8447
706.049 -123.889
706.235 -110.943
706.421 -110.944
706.607 -123.781
706.793 -142.997
706.979 -98.1243
707.165 -66.1088
707.351 -98.1309
707.537 -110.936
707.723 -123.74
707.909 -117.338
708.095 -85.3257
714.979 -73.568
715.165 -135.003
715.351 -79.7097
715.537 -98.1437
715.723 -98.1463
715.91 -92.0003
716.096 -141.243
716.282 -128.983
716.468 -48.7773
716.654 -73.4235
716.84 -36.0129
717.026 -73.2003
717.212 -79.2996
717.398 -123.667
717.584 -91.5718
717.77 -117.411
717.956 -157.286
718.142 -137.274
718.328 -130.073
718.514 -143.501
718.7 -185.998
718.886 -222.427
719.072 -229.957
719.258 -222.372
719.445 -366.837
719.631 -221.916
719.817 -298.652
720.003 -229.512
720.189 -237.294
720.375 -267.767
720.561 -214.945
720.747 -141.085
720.933 -215.021
721.119 -171.709
721.305 -157.752
721.491 -226.542
721.677 -157.533
721.863 -130.591
722.049 -182.551
722.235 -78.8375
722.421 -91.8545
722.607 -123.378
722.793 -98.228
722.979 -110.63
723.166 -129.126
723.352 -42.6363
723.538 -55.0384
723.724 -141.236
723.91 -85.8501
724.096 -67.4085
724.282 -67.4136
724.468 -73.562
724.654 -85.8533
724.84 -110.433
758.143 -73.8876
758.329 -38.6299
758.516 -73.8882
758.702 -73.8884
758.888 -73.8886
759.074 -115.096
759.26 -79.7781
759.446 -56.212
759.632 -56.2032
759.818 -67.9901
760.004 -73.8879
760.19 -97.5083
760.376 -85.7054
760.562 -67.9716
760.748 -91.6426
760.934 -103.51
761.12 -56.0818
761.306 -67.9355
761.492 -50.0752
761.678 -38.1158
761.864 -73.8586
762.051 -103.739
762.237 -73.8419
762.423 -61.8403
762.609 -127.862
762.795 -61.7947
762.981 -31.6973
763.167 -109.925
763.353 -97.8925
763.539 -79.8236
763.725 -85.8511
763.911 -61.7116
764.097 -85.8619
764.283 -55.4906
764.469 -122.588
764.655 -116.779
764.841 -136.058
765.027 -149.737
765.213 -130.601
765.399 -248.321
765.586 -149.368
765.772 -229.52
765.958 -306.467
766.144 -412.215
766.33 -540.49
766.516 -701.806
766.702 -1005.56
766.888 -1223.13
767.074 -1707.6
767.26 -2050.9
767.446 -2216.51
767.632 -2460.76
767.818 -2731.18
768.004 -3062.47
768.19 -2729.43
768.376 -3155.47
768.562 -2787.11
768.748 -3016.49
768.935 -2448.41
769.121 -2672.32
769.307 -2074.14
769.493 -1708.32
769.679 -1592.53
769.865 -1404.18
770.051 -811.767
770.237 -683.691
770.423 -523.089
770.609 -395.556
770.795 -362.957
770.981 -191.471
771.167 -127.715
771.353 -150.847
771.539 -184.146
771.725 -188.807
771.911 -136.249
772.097 -141.887
772.283 -135.189
772.47 -67.4828
772.656 -55.3626
772.842 -73.6955
773.028 -61.5491
773.214 -37.2519
781.028 -116.327
781.214 -67.6011
781.4 -79.781
781.586 -104.14
781.772 -104.151
781.958 -67.5628
782.144 -79.7484
782.33 -98.1403
782.516 -61.0905
782.703 -141.93
782.889 -47.5845
783.075 -78.7203
783.261 -104.191
783.447 -164.407
783.633 -157.773
783.819 -164.245
784.005 -289.967
784.191 -337.789
784.377 -354.913
784.563 -412.623
784.749 -343.843
784.935 -453.66
785.121 -701.286
785.307 -802.313
785.493 -895.659
785.679 -683.893
785.865 -758.03
786.052 -674.374
786.238 -702.495
786.424 -592.675
786.61 -602.802
786.796 -620.778
786.982 -445.435
787.168 -420.908
787.354 -371.307
787.54 -306.893
787.726 -313.991
787.912 -281.748
788.098 -178.867
788.284 -116.443
788.47 -150.619
788.656 -110.93
788.842 -186.872
789.028 -154.148
789.214 -61.356
789.401 -91.9298
789.587 -103.902
789.773 -49.8838
789.959 -49.9825
790.145 -44.0916
790.331 -67.9274
790.517 -50.1209
790.703 -26.4093
790.889 -133.175
791.075 -73.8822
791.261 -91.6498
801.308 -102.999
801.494 -85.542
801.68 -73.8789
801.866 -56.3163
802.052 -68.015
802.238 -115.16
802.424 -38.3013
802.61 -79.8285
802.797 -97.9571
802.983 -85.854
803.169 -117.049
803.355 -110.944
803.541 -57.5529
803.727 -137.147
803.913 -150.268
804.099 -215.073
804.285 -236.941
804.471 -282.562
804.657 -487.638
804.843 -609.453
805.029 -594.081
805.215 -666.134
805.401 -637.664
805.587 -823.511
805.773 -699.54
805.959 -1004.86
806.146 -985.871
806.332 -918.577
806.518 -1014.03
806.704 -993.695
806.89 -785.973
807.076 -656.873
807.262 -486.685
807.448 -453.9
807.634 -463.224
807.82 -436.776
808.006 -243.78
808.192 -191.768
808.378 -266.342
808.564 -207.101
808.75 -185.04
808.936 -104.071
809.122 -39.755
809.308 -60.1093
809.495 -98.2318
809.681 -92.0048
809.867 -104.313
810.053 -73.6005
810.239 -104.215
810.425 -98.0866
810.611 -91.9756
810.797 -134.735
810.983 -85.8674
834.054 -91.9351
834.24 -67.6619
834.426 -104.078
834.612 -79.7964
834.798 -85.8689
834.984 -91.9491
835.17 -61.5229
835.356 -37.0885
835.542 -79.7527
835.729 -141.1
835.915 -98.1778
836.101 -98.218
836.287 -66.8115
836.473 -123.646
836.659 -149.755
836.845 -84.4189
837.031 -164.24
837.217 -109.56
837.403 -221.187
837.589 -157.078
837.775 -274.248
837.961 -237.455
838.147 -344.838
838.333 -236.494
838.519 -283.183
838.705 -370.733
838.892 -258.52
839.078 -338.839
839.264 -354.892
839.45 -322.81
839.636 -401.835
839.822 -189.694
840.008 -321.699
840.194 -199.755
840.38 -222.494
840.566 -200.426
840.752 -115.394
840.938 -144.019
841.124 -150.768
841.31 -130.569
841.496 -117.41
841.682 -79.0454
841.868 -79.3434
842.054 -91.9907
842.241 -98.1948
842.427 -24.2745
842.613 -73.5887
842.799 -153.189
842.985 -104.201
843.171 -128.606
843.357 -55.3584
843.543 -122.472
843.729 -91.969
843.915 -79.7699
855.637 -92.0046
855.823 -104.394
856.009 -54.8532
856.195 -61.0577
856.381 -141.503
856.567 -166.224
856.753 -98.1884
856.939 -85.8254
857.125 -92.0058
857.311 -104.36
857.497 -92.0056
857.683 -48.7803
857.869 -79.6556
858.056 -92.0056
858.242 -61.1184
858.428 -129.087
858.614 -122.926
858.8 -67.2502
858.986 -104.394
859.172 -92.0039
859.358 -67.1701
859.544 -54.7107
859.73 -91.9974
859.916 -160.487
860.102 -67.0714
860.288 -79.5272
860.474 -79.5278
860.66 -91.9934
860.846 -91.9959
861.032 -85.7815
861.219 -135.461
861.405 -147.786
861.591 -67.2602
861.777 -92.0055
861.963 -104.328
862.149 -48.9455
862.335 -134.974
862.521 -91.9909
862.707 -73.6231
862.893 -73.6412
863.079 -67.5504
863.265 -61.469
863.451 -73.6799
863.637 -31.0558
863.823 -122.389
864.009 -43.2893
864.195 -55.4712
864.382 -67.6394
864.568 -61.574
864.754 -91.939
864.94 -116.208
865.126 -134.39
865.312 -128.305
865.498 -104.045
929.131 -98.2296
929.317 -91.9829
929.503 -104.477
929.689 -98.2308
929.875 -129.554
930.061 -98.2315
930.247 -98.2179
930.433 -85.4101
930.619 -123.863
930.805 -117.395
930.991 -150.777
931.177 -123.12
931.363 -128.571
931.55 -282.178
931.736 -174.658
931.922 -395.456
932.108 -437.848
932.294 -401.158
932.48 -738.597
932.666 -804.685
932.852 -1005.09
933.038 -1054.38
933.224 -1243.34
933.41 -1436.57
933.596 -1230.58
933.782 -1447.03
933.968 -1519.76
934.154 -1645.06
934.34 -1592.64
934.527 -1406.1
934.713 -1069.65
934.899 -1413.72
935.085 -1054.42
935.271 -774.768
935.457 -823.243
935.643 -756.273
935.829 -584.576
936.015 -446.146
936.201 -395.052
936.387 -291
936.573 -170.86
936.759 -185.947
936.945 -219.112
937.131 -117.369
937.317 -117.373
937.504 -79.3411
937.69 -135.385
937.876 -79.7358
938.062 -98.0245
938.248 -79.8154
938.434 -55.7415
938.62 -61.8143
938.806 -79.8293
938.992 -55.8933
959.087 -120.155
959.273 -79.633
959.459 -39.0969
959.645 -56.4669
959.831 -62.2569
960.017 -21.656
960.203 -44.8288
960.389 -68.0482
960.575 -79.6987
960.762 -44.647
960.948 -79.7608
961.134 -97.5251
961.32 -73.866
961.506 -121.958
961.692 -61.4909
961.878 -116.746
962.064 -91.942
962.25 -162.168
962.436 -84.7864
962.622 -150.562
962.808 -164.402
962.994 -95.7241
963.18 -136.747
963.366 -86.5881
963.552 -171.664
963.739 -149.835
963.925 -178.672
964.111 -156.843
964.297 -287.49
964.483 -229.277
964.669 -200.317
964.855 -129.36
965.041 -150.82
965.227 -267.558
965.413 -150.785
965.599 -110.739
965.785 -162.857
965.971 -98.1732
966.157 -91.9708
966.343 -116.656
966.53 -91.9478
966.716 -85.8364
966.902 -73.869
967.088 -150.715
967.274 -109.156
967.46 -21.1892
967.646 -56.3603
967.832 -38.9031
968.018 -73.867
968.204 -97.1306
968.39 -62.2344
968.576 -50.6112
968.762 -33.1779
968.948 -68.0491
1047.1 -56.6592
1047.28 -40.4129
1047.47 -18.7732
1047.65 -62.0599
1047.84 -72.875
1048.03 -35.0129
1048.21 -29.5885
1048.4 -18.7161
1048.59 -51.2403
1048.77 -18.5134
1048.96 -62.1899
1049.14 -106.42
1049.33 -51.1454
1049.52 -73.6052
1049.7 -85.1929
1049.89 -73.8605
1050.07 -97.546
1050.26 -128.041
1050.45 -122.718
1050.63 -135.797
1050.82 -85.4248
1051 -85.0258
1051.19 -163.38
1051.38 -64.1725
1051.56 -103.801
1051.75 -137.303
1051.93 -117.065
1052.12 -130.568
1052.31 -164.104
1052.49 -117.307
1052.68 -123.973
1052.86 -162.772
1053.05 -104.545
1053.24 -98.2314
1053.42 -55.2031
1053.61 -43.7951
1053.8 -56.2421
1053.98 -44.9909
1054.17 -62.329
1054.35 -56.7214
1054.54 -73.1581
1054.73 -94.5733
1054.91 -83.4057
1055.1 -35.2474
1055.28 -72.3299
1055.47 -35.3678
1055.66 -30.1585
1055.84 -45.8854
1056.03 -35.4445
1056.21 -56.2966
1056.4 -30.2666
1056.59 -19.8896
1056.77 -35.486
1064.96 -45.5926
1065.15 -35.6372
1065.33 -25.6549
1065.52 -35.6353
1065.7 -40.6405
1065.89 -35.631
1066.08 -35.6268
1066.26 -35.62
1066.45 -30.5415
1066.63 -40.6847
1066.82 -56.0814
1067.01 -30.3267
1067.19 -40.6515
1067.38 -40.5822
1067.56 -94.3987
1067.75 -45.7219
1067.94 -34.2708
1068.12 -73.7752
1068.31 -68.0233
1068.49 -67.8415
1068.68 -85.8638
1068.87 -54.5106
1069.05 -98.1902
1069.24 -149.655
1069.43 -91.3014
1069.61 -150.321
1069.8 -90.8644
1069.98 -90.8025
1070.17 -143.83
1070.36 -104.219
1070.54 -195.765
1070.73 -98.037
1070.91 -91.8267
1071.1 -98.231
1071.29 -110.41
1071.47 -85.8438
1071.66 -56.1954
1071.84 -85.3978
1072.03 -73.6762
1072.22 -90.1812
1072.4 -45.7244
1072.59 -83.7929
1072.77 -72.7163
1072.96 -35.2265
1073.15 -40.5935
1073.33 -51.1713
1073.52 -40.6287
1073.7 -51.1485
1073.89 -19.6269
1074.08 -35.3868
1074.26 -61.6525
1074.45 -51.1484
1074.64 -30.1122
1074.82 -19.5714
1115.38 -23.9884
1115.57 -105.995
1115.76 -45.6702
1115.94 -51.1006
1116.13 -90.9783
1116.32 -38.3665
1116.5 -61.1286
1116.69 -117.42
1116.87 -137.086
1117.06 -200.383
1117.25 -299.046
1117.43 -580.24
1117.62 -531.822
1117.8 -870.615
1117.99 -1014.36
1118.18 -1623.75
1118.36 -2106.39
1118.55 -2662.83
1118.73 -3167.4
1118.92 -4040.71
1119.11 -4622.77
1119.29 -5576.14
1119.48 -6094.02
1119.66 -6899.87
1119.85 -6938.42
1120.04 -7431.73
1120.22 -8085.62
1120.41 -7941.54
1120.59 -6740.92
1120.78 -7599.03
1120.97 -6232.84
1121.15 -5133.23
1121.34 -5102.83
1121.53 -4184.51
1121.71 -3908.66
1121.9 -3109.29
1122.08 -2460.65
1122.27 -1675.64
1122.46 -1385.63
1122.64 -1230.57
1122.83 -767.307
1123.01 -479.881
1123.2 -436.993
1123.39 -252.557
1123.57 -214.647
1123.76 -103.882
1123.94 -98.2315
1124.13 -56.1865
1124.32 -73.5571
1124.5 -78.2792
1124.69 -51.1492
1124.87 -45.8408
1125.06 -20.3415
1125.25 -25.5439
1128.78 -45.8712
1128.97 -40.5269
1129.15 -8.49441
1129.34 -45.8828
1129.53 -67.1941
1129.71 -56.5325
1129.9 -61.8512
1130.08 -56.5335
1130.27 -51.2147
1130.46 -45.8777
1130.64 -45.8649
1130.83 -45.8396
1131.02 -62.1302
1131.2 -89.7406
1131.39 -23.2665
1131.57 -67.9886
1131.76 -73.8049
1131.95 -85.5999
1132.13 -67.8942
1132.32 -61.5708
1132.5 -85.8264
1132.69 -98.2326
1132.88 -98.185
1133.06 -104.512
1133.25 -143.347
1133.43 -117.421
1133.62 -150.048
1133.81 -117.421
1133.99 -104.452
1134.18 -117.368
1134.36 -104.546
1134.55 -66.9433
1134.74 -55.0996
1134.92 -146.163
1135.11 -38.4618
1135.29 -73.8274
1135.48 -51.0373
1135.67 -67.762
1135.85 -51.241
1136.04 -19.3903
1136.23 -56.2935
1136.41 -50.9482
1136.6 -55.8667
1136.78 -25.6129
1136.97 -50.5364
1137.16 -25.7716
1137.34 -35.6241
1137.53 -16.0996
1137.71 -21.0262
1137.9 -16.2253
1138.09 -40.4019
1138.27 -35.5639
1138.46 -45.1451
1150.18 -9.68399
1150.37 -14.8338
1150.55 -40.6819
1150.74 -87.3438
1150.93 -40.6724
1151.11 -19.7622
1151.3 -56.4139
1151.48 -24.6322
1151.67 -78.1901
1151.86 -56.7125
1152.04 -101.739
1152.23 -97.0652
1152.41 -85.8379
1152.6 -110.731
1152.79 -65.2882
1152.97 -116.868
1153.16 -185.966
1153.34 -259.435
1153.53 -336.957
1153.72 -338.677
1153.9 -248.462
1154.09 -505.149
1154.27 -514.822
1154.46 -506.05
1154.65 -736.483
1154.83 -522.101
1155.02 -620.875
1155.2 -657.063
1155.39 -485.172
1155.58 -674.925
1155.76 -594.147
1155.95 -541.122
1156.14 -514.848
1156.32 -530.512
1156.51 -354.913
1156.69 -346.67
1156.88 -267.912
1157.07 -192.897
1157.25 -114.89
1157.44 -144.071
1157.62 -110.89
1157.81 -91.9703
1158 -91.8643
1158.18 -27.3876
1158.37 -79.2254
1158.55 -56.7123
1158.74 -40.4649
1158.93 -45.8905
1159.11 -66.8996
1159.3 -45.8793
1159.48 -56.2421
1159.67 -19.9967
1159.86 -30.3634
1160.04 -50.9957
1168.23 -20.9137
1168.42 -25.8176
1168.6 -35.6247
1168.79 -25.8174
1168.97 -35.6249
1169.16 -55.2446
1169.35 -30.7195
1169.53 -60.1683
1169.72 -15.9813
1169.9 -35.6293
1170.09 -70.0919
1170.28 -30.7015
1170.46 -40.5797
1170.65 -0.922754
1170.84 -20.7027
1171.02 -65.6427
1171.21 -40.6557
1171.39 -35.6136
1171.58 -40.6842
1171.77 -50.9452
1171.95 -45.8495
1172.14 -19.8696
1172.32 -30.184
1172.51 -35.3646
1172.7 -67.0483
1172.88 -45.8907
1173.07 -40.5706
1173.25 -19.2862
1173.44 -51.2036
1173.63 -72.3988
1173.81 -30.051
1174 -30.1292
1174.18 -71.9955
1174.37 -61.428
1174.56 -71.592
1174.74 -45.8017
1174.93 -20.3679
1175.12 -45.7099
1175.3 -25.6032
1175.49 -15.6855
1175.67 -30.6724
1175.86 -30.6895
1176.05 -25.77
1176.23 -25.7903
1176.42 -50.3608
1176.6 -16.0074
1176.79 -30.7236
1176.98 -25.8296
1177.16 -35.6205
1177.35 -25.8363
1177.53 -40.5096
1177.72 -25.8396
1177.91 -45.3961
1178.09 -50.2832
1202.65 -63.8877
1202.84 -26.0045
1203.03 -16.5037
1203.21 -30.7494
1203.4 -21.2198
1203.59 -21.1967
1203.77 -21.1653
1203.96 -25.9371
1204.14 -35.5912
1204.33 -20.9702
1204.52 -60.2864
1204.7 -40.6296
1204.89 -5.17236
1205.07 -40.684
1205.26 -56.4541
1205.45 -18.7904
1205.63 -73.3726
1205.82 -102.231
1206 -44.5997
1206.19 -121.916
1206.38 -116.657
1206.56 -60.4017
1206.75 -123.805
1206.93 -84.7205
1207.12 -150.476
1207.31 -137.29
1207.49 -164.233
1207.68 -184.534
1207.86 -150.776
1208.05 -123.894
1208.24 -97.4
1208.42 -58.3993
1208.61 -78.6746
1208.8 -117.21
1208.98 -85.8046
1209.17 -85.8646
1209.35 -73.8865
1209.54 -96.8762
1209.73 -56.6969
1209.91 -45.7215
1210.1 -45.8564
1210.28 -24.7699
1210.47 -66.6657
1210.66 -30.4232
1210.84 -50.846
1211.03 -75.9821
1211.21 -50.6878
1211.4 -40.6365
1211.59 -25.6541
1211.77 -20.6809
1211.96 -55.5696
1212.14 -50.5869
1212.33 -10.7122
1212.52 -10.698
1233.17 -21.5438
1233.36 -26.01
1233.54 -35.0665
1233.73 -26.0502
1233.92 -16.689
1234.1 -49.9926
1234.29 -30.6412
1234.47 -14.4675
1234.66 -78.8743
1234.85 -79.7828
1235.03 -129.708
1235.22 -137.303
1235.4 -63.9428
1235.59 -267.866
1235.78 -435.835
1235.96 -488.849
1236.15 -585.215
1236.34 -609.102
1236.52 -918.448
1236.71 -1153.24
1236.89 -1354.89
1237.08 -1435.46
1237.27 -1836.48
1237.45 -1726.49
1237.64 -2271.53
1237.82 -2304.97
1238.01 -2571.65
1238.2 -2460.52
1238.38 -2515.56
1238.57 -2326.71
1238.75 -1997.93
1238.94 -1976
1239.13 -1835.13
1239.31 -1323.65
1239.5 -1333.67
1239.68 -995.828
1239.87 -814.102
1240.06 -512.738
1240.24 -514.85
1240.43 -371.321
1240.62 -221.355
1240.8 -258.907
1240.99 -82.2552
1241.17 -78.7435
1241.36 -128.185
1241.55 -73.7203
1241.73 -29.6272
1241.92 -25.1794
1242.1 -45.6166
1242.29 -45.3276
1242.48 -21.2031
1242.66 -21.3013
1242.85 -49.4512
1243.03 -26.0434
1275.97 -26.0461
1276.16 -49.3261
1276.34 -2.72732
1276.53 -16.6896
1276.72 -44.8067
1276.9 -16.571
1277.09 -35.5172
1277.27 -25.9228
1277.46 -25.8003
1277.65 -60.7723
1277.83 -35.5051
1278.02 -56.5869
1278.2 -56.7199
1278.39 -44.7869
1278.58 -85.8696
1278.76 -123.626
1278.95 -150.536
1279.13 -143.952
1279.32 -286.8
1279.51 -334.343
1279.69 -290.985
1279.88 -220.027
1280.06 -266.096
1280.25 -354.831
1280.44 -429.368
1280.62 -429.42
1280.81 -497.192
1281 -531.245
1281.18 -463.254
1281.37 -395.759
1281.55 -354.379
1281.74 -404.125
1281.93 -274.482
1282.11 -228.332
1282.3 -290.799
1282.48 -155.893
1282.67 -107.459
1282.86 -233.284
1283.04 -156.874
1283.23 -85.6422
1283.41 -91.8556
1283.6 -56.548
1283.79 -51.2079
1283.97 -56.4898
1284.16 -45.8092
1284.34 -25.6846
1284.53 -21.0122
1284.72 -21.1929
1284.9 -44.8948
1285.09 -16.6866
1285.27 -26.0473
1285.46 -26.0505
1285.65 -26.0515
1285.83 -30.6576
1327.52 -15.5423
1327.7 -10.5249
1327.89 -50.6902
1328.07 4.5203
1328.26 -55.7003
1328.45 -50.6775
1328.63 -30.6196
1328.82 -40.6421
1329.01 -20.622
1329.19 -45.6303
1329.38 -45.614
1329.56 -30.6605
1329.75 -30.6752
1329.94 -50.4671
1330.12 -40.5515
1330.31 -45.4068
1330.49 -40.4633
1330.68 -45.2213
1330.87 -54.6598
1331.05 -16.5364
1331.24 -63.5382
1331.42 -39.9675
1331.61 -16.8657
1331.8 -44.2447
1331.98 -21.5171
1332.17 -12.5558
1332.35 -34.9507
1332.54 -12.6025
1332.73 -8.10565
1332.91 -21.5261
1333.1 -12.4549
1333.29 -16.9164
1333.47 -12.223
1333.66 -16.7327
1333.84 -21.3238
1334.03 -44.9949
1334.22 -35.5453
1334.4 -30.7504
1334.59 -40.4689
1334.77 -64.9783
1334.96 -11.044
1335.15 -45.5077
1335.33 -35.6368
1335.52 -35.6377
1335.7 -45.5836
1335.89 -25.6786
1336.08 -20.6851
1336.26 -45.6111
1336.45 -10.6911
1336.63 -40.6268
1336.82 -40.6273
1337.01 -20.6634
1337.19 -30.6455
1337.38 -40.6271
1372.74 -39.7867
1372.92 -12.2479
1373.11 -39.9538
1373.29 -35.4049
1373.48 -45.0209
1373.67 -11.3029
1373.85 -35.6349
1374.04 -30.3084
1374.22 -34.9886
1374.41 -68.0224
1374.6 -91.863
1374.78 -79.0511
1374.97 -96.7993
1375.16 -207.42
1375.34 -154.674
1375.53 -417.607
1375.71 -437.374
1375.9 -480.391
1376.09 -478.111
1376.27 -757.878
1376.46 -804.528
1376.64 -1073.27
1376.83 -1439.23
1377.02 -1323.42
1377.2 -1253.39
1377.39 -1334.55
1377.57 -1457.36
1377.76 -1109.04
1377.95 -1375.38
1378.13 -1172.31
1378.32 -1102.97
1378.5 -1192.52
1378.69 -850.447
1378.88 -795.021
1379.06 -582.73
1379.25 -790.737
1379.44 -497.621
1379.62 -329.747
1379.81 -346.555
1379.99 -214.796
1380.18 -135.819
1380.37 -245.934
1380.55 -130.215
1380.74 -67.6222
1380.92 -85.3864
1381.11 -56.7203
1381.3 -72.4654
1381.48 -56.186
1381.67 -60.9773
1381.85 -20.524
1382.04 -40.6629
1382.23 -5.06291
1382.41 -45.8567
1382.6 -19.4261
1382.78 -24.0393
1382.97 -84.7522
1383.16 -39.0779
1383.34 -49.8751
1383.53 -116.767
1383.72 -123.704
1383.9 -137.127
1384.09 -144.053
1384.27 -130.162
1384.46 -164.745
1384.65 -193.174
1384.83 -222.194
1385.02 -90.824
1385.2 -171.058
1385.39 -200.413
1385.58 -200.44
1385.76 -251.287
1385.95 -207.551
1386.13 -136.43
1386.32 -171.687
1386.51 -191.584
1386.69 -137.206
1386.88 -149.548
1387.07 -110.713
1387.25 -116.099
1387.44 -85.595
1387.62 -22.6196
1387.81 -84.2353
1388 -45.8736
1388.18 -35.4362
1388.37 -40.6881
1388.55 -25.5672
1388.74 -70.3814
1388.93 -35.6285
1389.11 3.41514
1389.3 -50.1607
1389.48 -16.2347
1389.67 -21.0947
1389.86 -45.2188
1390.04 -45.2111
1390.23 -11.4765
1396.56 -16.9529
1396.74 -21.4949
1396.93 -39.7166
1397.11 -16.9077
1397.3 -35.236
1397.49 -7.54753
1397.67 -35.389
1397.86 -40.2343
1398.04 -25.9108
1398.23 -60.4408
1398.42 -66.2614
1398.6 -51.1923
1398.79 -62.235
1398.97 -73.8061
1399.16 -37.7306
1399.35 -79.3847
1399.53 -117.412
1399.72 -157.71
1399.91 -185.94
1400.09 -200.442
1400.28 -260.057
1400.46 -229.287
1400.65 -385.814
1400.84 -330.806
1401.02 -338.756
1401.21 -354.923
1401.39 -428.943
1401.58 -354.797
1401.77 -338.464
1401.95 -306.098
1402.14 -298.563
1402.32 -378.279
1402.51 -353.344
1402.7 -237.418
1402.88 -274.121
1403.07 -164.576
1403.25 -192.273
1403.44 -97.4152
1403.63 -98.1668
1403.81 -12.3199
1404 -85.6978
1404.19 -79.4874
1404.37 -23.0932
1404.56 -73.3902
1404.74 -34.3437
1404.93 -62.3203
1405.12 -79.7931
1405.3 -79.6873
1405.49 -117.393
1405.67 -110.237
1405.86 -115.076
1406.05 -163.246
1406.23 -229.336
1406.42 -354.813
1406.6 -362.963
1406.79 -624.829
1406.98 -532.353
1407.16 -576.37
1407.35 -566.823
1407.54 -693.478
1407.72 -656.678
1407.91 -721.028
1408.09 -868.602
1408.28 -877.157
1408.47 -702.567
1408.65 -647.967
1408.84 -673.794
1409.02 -419.486
1409.21 -420.904
1409.4 -428.884
1409.58 -251.193
1409.77 -145.3
1409.95 -178.366
1410.14 -150.733
1410.33 -137.279
1410.51 -110.88
1410.7 -79.8285
1410.88 -68.0167
1411.07 -45.8378
1411.26 -66.4426
1411.44 -30.6962
1411.63 -21.2177
1411.82 -2.88214
1412 -44.1744
1412.19 -12.6162
1412.37 -39.194
1412.56 -25.9257
1412.75 -38.9571
1412.93 -17.2058
1455.92 -26.0011
1456.11 -40.236
1456.29 -35.49
1456.48 -40.2315
1456.66 -44.9711
1456.85 -11.7819
1457.04 -26.0052
1457.22 -30.745
1457.41 -40.2221
1457.59 -11.792
1457.78 -35.4824
1457.97 -35.4823
1458.15 -30.7446
1458.34 -63.9128
1458.52 -21.2669
1458.71 -26.0052
1458.9 -26.0043
1459.08 -7.03183
1459.27 -11.7682
1459.46 -21.2542
1459.64 -11.7543
1459.83 -35.4981
1460.01 12.0163
1460.2 -40.2543
1460.39 -35.5023
1460.57 -16.4878
1460.76 -54.5147
1460.94 -25.9964
1461.13 -25.9978
1461.32 -35.4952
1461.5 -49.726
1461.69 -21.2628
1461.87 -49.6954
1462.06 -16.5418
1462.25 -49.6611
1462.43 -35.4663
1462.62 -21.2948
1462.81 -40.1744
1462.99 -44.8816
1463.18 -26.0226
1463.36 -11.8958
1463.55 -35.4393
1463.74 -40.1408
1463.92 -26.0275
1464.11 -30.7294
1464.29 -30.7286
1464.48 11.555
1464.67 -35.4239
1464.85 -40.1175
1465.04 -40.1145
1465.22 -26.0321
1465.41 -2.5724
1465.6 -21.3421
1504.31 -40.5718
1504.49 -45.523
1504.68 -20.7689
1504.86 -50.5692
1505.05 -55.6747
1505.24 -25.4925
1505.42 -25.2953
1505.61 -66.798
1505.79 -40.5164
1505.98 -1.55336
1506.17 -73.7429
1506.35 -79.8146
1506.54 -36.3014
1506.72 -156.17
1506.91 -184.52
1507.1 -157.723
1507.28 -156.539
1507.47 -358.856
1507.65 -330.432
1507.84 -217.563
1508.03 -362.847
1508.21 -497.195
1508.4 -514.9
1508.59 -497.305
1508.77 -620.665
1508.96 -576.308
1509.14 -629.903
1509.33 -746.127
1509.52 -540.732
1509.7 -479.22
1509.89 -506.191
1510.07 -394.507
1510.26 -505.233
1510.45 -437.116
1510.63 -330.805
1510.82 -283.39
1511 -214.98
1511.19 -185.998
1511.38 -116.314
1511.56 -123.97
1511.75 -136.173
1511.94 -79.8143
1512.12 -44.9103
1512.31 -78.931
1512.49 -67.2748
1512.68 -25.1365
1512.87 -65.8937
1513.05 -55.3958
1513.24 8.14376
1513.42 -30.7536
1513.61 -30.7502
1513.8 -21.2819
1513.98 -35.4415
1533.52 -40.6887
1533.71 -61.185
1533.9 -40.6881
1534.08 -91.7921
1534.27 -35.5804
1534.45 -25.3701
1534.64 -40.6872
1534.83 -40.6882
1535.01 -20.1524
1535.2 -76.8026
1535.38 -51.0665
1535.57 -3.92602
1535.76 -3.41862
1535.94 -29.6899
1536.13 -40.2669
1536.31 -62.3016
1536.5 -28.1155
1536.69 -108.82
1536.87 -73.8694
1537.06 -91.9484
1537.24 -166.415
1537.43 -136.107
1537.62 -78.8648
1537.8 -58.912
1537.99 -150.246
1538.18 -137.204
1538.36 -110.67
1538.55 -137.25
1538.73 -137.227
1538.92 -77.8311
1539.11 -97.8235
1539.29 -110.942
1539.48 -142.687
1539.66 -79.4878
1539.85 -98.1186
1540.04 -91.8392
1540.22 -79.7729
1540.41 -62.2814
1540.59 -85.0246
1540.78 -39.9198
1540.97 -62.2694
1541.15 -34.6246
1541.34 -56.7219
1541.53 -90.0864
1541.71 -23.0303
1541.9 -62.3286
1542.08 -73.8025
1542.27 -68.0431
1542.46 -62.0878
1542.64 -91.7511
1542.83 -73.8141
1543.01 -91.9079
1543.2 -49.4856
1543.39 -91.9263
1543.57 -140.196
1543.76 -55.849
1543.94 -32.3481
1544.13 -68.0297
1544.32 -91.076
1544.5 -96.2016
1544.69 -78.8161
1544.88 -45.8459
1545.06 -30.1144
1545.25 -40.6886
1545.43 -30.6445
1545.62 -16.143
1545.81 -11.753
1545.99 -21.4055
1546.18 -57.8863
1546.36 -17.0701
1546.55 -25.9486
1546.74 -12.8627
1546.92 -8.65127
1547.11 -21.505
1547.29 -8.83016
1547.48 -25.645
1547.67 -21.4333
1547.85 7.56611
1548.04 -41.9783
1548.22 -25.4612
1578.19 -17.1141
1578.37 -25.9776
1578.56 -43.6992
1578.75 -12.6798
1578.93 -25.986
1579.12 -21.5419
1579.3 -26.0112
1579.49 -17.0103
1579.68 -26.0457
1579.86 -30.6707
1580.05 -26.0279
1580.23 -25.9481
1580.42 -15.9128
1580.61 -25.4533
1580.79 -66.8421
1580.98 -51.2415
1581.17 -67.9147
1581.35 -27.5007
1581.54 -103.757
1581.72 -67.3468
1581.91 -123.549
1582.1 -143.377
1582.28 -117.341
1582.47 -96.861
1582.65 -123.574
1582.84 -178.483
1583.03 -130.073
1583.21 -150.861
1583.4 -157.807
1583.58 -233.507
1583.77 -116.821
1583.96 -130.585
1584.14 -123.975
1584.33 -78.6881
1584.52 -98.2311
1584.7 -110.3
1584.89 -85.7164
1585.07 -62.3191
1585.26 -56.7184
1585.45 -67.134
1585.63 -20.2155
1585.82 -55.3878
1586 -30.7526
1586.19 -63.1096
1586.38 -26.0298
1586.56 -21.5495
1586.75 -8.55316
1586.93 -4.45178
1587.12 3.81637
1587.31 -8.91313
1587.49 -4.82091
1587.68 -33.7817
1587.86 -25.4888
1588.05 -21.3612
1589.73 -17.1731
1589.91 -17.1772
1590.1 -17.1805
1590.28 -17.1829
1590.47 0.272028
1590.66 -30.2779
1590.84 -17.1798
1591.03 -25.9258
1591.21 -12.7714
1591.4 -30.3664
1591.59 -25.9815
1591.77 -34.9494
1591.96 -44.0986
1592.15 -44.3406
1592.33 1.79054
1592.52 -16.586
1592.7 -35.5563
1592.89 -64.9924
1593.08 -25.653
1593.26 -45.7724
1593.45 -56.2316
1593.63 -56.4412
1593.82 -56.5825
1594.01 -2.41964
1594.19 -56.7064
1594.38 -73.2849
1594.56 -34.5413
1594.75 -84.4816
1594.94 -67.8037
1595.12 -45.6949
1595.31 -56.6985
1595.5 -18.8012
1595.68 -29.8801
1595.87 -56.395
1596.05 -56.1755
1596.24 -30.5323
1596.43 -40.6219
1596.61 -40.5281
1596.8 -21.0837
1596.98 -40.3076
1597.17 -30.7448
1597.36 -26.0191
1597.54 -16.5903
1597.73 -49.6528
1597.91 -6.98344
1598.1 -25.9666
1598.29 -6.62463
1598.47 -35.6049
1598.66 -25.8232
1598.85 -1.12606
1599.03 -35.6366
1599.22 -40.5974
1599.4 -65.3833
1599.59 3.90643
1599.78 -11.0531
1599.96 -40.4868
1600.15 -45.225
1600.33 -40.279
1600.52 -68.2927
1600.71 -35.2948
1600.89 -48.7668
1601.08 -17.0712
1601.26 -17.1596
1601.45 -43.1237
1601.64 -17.2544
1601.82 -17.2694
1602.01 -4.8696
1602.2 -37.6912
1602.38 -9.15425
1602.57 -13.2169
1602.75 -5.25931
1602.94 -29.0784
1603.13 -21.1222
1603.31 2.46368
1603.5 -9.32931
1603.68 -9.34149
1603.87 -5.461
1604.06 -17.1241
1604.24 -5.49619
1656.35 -24.6732
1656.54 -9.42223
1656.72 -5.61404
1656.91 -9.41738
1657.1 -5.57251
1657.28 -20.9655
1657.47 -24.971
1657.66 -13.2294
1657.84 -0.966067
1658.03 -17.2685
1658.21 -30.2375
1658.4 -39.6151
1658.59 -30.7425
1658.77 -30.6801
1658.96 -19.887
1659.14 -29.465
1659.33 -62.3268
1659.52 -50.1562
1659.7 -147.443
1659.89 -117.29
1660.07 -169.924
1660.26 -123.835
1660.45 -123.398
1660.63 -143.791
1660.82 -129.308
1661.01 -128.912
1661.19 -135.872
1661.38 -200.33
1661.56 -214.488
1661.75 -178.849
1661.94 -206.518
1662.12 -226.061
1662.31 -117.247
1662.49 -136.903
1662.68 -79.3702
1662.87 -43.472
1663.05 -114.493
1663.24 -67.8
1663.42 -56.4145
1663.61 -10.7486
1663.8 -40.1177
1663.98 -8.28489
1664.17 -17.2711
1664.36 2.44856
1664.54 5.35894
1664.73 -5.9719
1664.91 -19.5376
1665.1 -6.09385
1665.29 -9.22156
1665.47 3.09733
1665.66 -6.02936
1665.84 -5.99683
1666.03 -3.07659
1666.22 -11.6381
1679.06 -11.663
1679.24 5.45174
1679.43 -17.2502
1679.62 -0.265477
1679.8 2.54301
1679.99 2.53988
1680.17 -5.9078
1680.36 -3.08653
1680.55 5.49738
1680.73 -3.07389
1680.92 -11.921
1681.11 -6.05017
1681.29 -2.9633
1681.48 -12.549
1681.66 -6.07178
1681.85 0.980144
1682.04 -13.133
1682.22 -20.7989
1682.41 -13.2389
1682.59 -5.00468
1682.78 -21.4855
1682.97 -17.198
1683.15 -39.362
1683.34 -35.1305
1683.52 -30.6633
1683.71 -16.7322
1683.9 -44.7467
1684.08 -12.0221
1684.27 -16.7618
1684.46 -35.2279
1684.64 5.53533
1684.83 -43.581
1685.01 -8.67844
1685.2 -25.541
1685.39 -13.2313
1685.57 -24.6074
1685.76 -9.50048
1685.94 -9.45575
1686.13 3.52767
1686.32 2.98692
1686.5 2.548
1686.69 2.20259
1686.88 1.9384
1687.06 -0.579895
1687.25 -11.5367
1687.43 1.49377
1687.62 -6.4848
1687.81 -2.41804
1687.99 3.15066
1688.18 -0.458276
1688.36 2.98823
1688.55 1.26633
1688.74 2.86999
1688.92 -0.328797
1724.66 2.83603
1724.84 -2.09161
1725.03 3.14583
1725.21 3.44313
1725.4 3.90404
1725.59 -3.04261
1725.77 -11.8008
1725.96 0.553882
1726.15 -16.9756
1726.33 -34.1738
1726.52 -54.2513
1726.7 -61.3957
1726.89 -45.3975
1727.08 -55.4163
1727.26 -163.035
1727.45 -206.219
1727.63 -185.879
1727.82 -321.26
1728.01 -314.851
1728.19 -264.502
1728.38 -488.604
1728.56 -471.593
1728.75 -638.285
1728.94 -701.847
1729.12 -638.863
1729.31 -748.468
1729.5 -702.632
1729.68 -684.23
1729.87 -693.487
1730.05 -684.332
1730.24 -629.965
1730.43 -620.658
1730.61 -575.729
1730.8 -429.353
1730.98 -330.111
1731.17 -227.272
1731.36 -214.309
1731.54 -149.229
1731.73 -123.068
1731.91 -110.863
1732.1 -61.3484
1732.29 -107.8
1732.47 -24.9915
1732.66 -35.4998
1732.85 -4.40593
1733.03 -32.3083
1733.22 -6.06363
1733.4 -8.98642
1733.59 -5.67376
1733.78 4.03227
1733.96 1.4862
1734.15 -2.40016
1734.33 1.29592
1734.52 1.26418
1759.46 -0.50956
1759.65 2.44265
1759.83 -6.07499
1760.02 -5.99112
1760.2 -33.1171
1760.39 -21.5187
1760.58 -25.4342
1760.76 -73.6754
1760.95 -117.038
1761.14 -130.336
1761.32 -215.083
1761.51 -378.678
1761.69 -590.894
1761.88 -720
1762.07 -700.338
1762.25 -1153.16
1762.44 -1313.38
1762.62 -1889.79
1762.81 -2161.59
1763 -2844.1
1763.18 -2924.39
1763.37 -3588.72
1763.55 -3909.22
1763.74 -3965.94
1763.93 -4450.64
1764.11 -4966.8
1764.3 -5649.25
1764.49 -5164.85
1764.67 -5363.65
1764.86 -5214.16
1765.04 -4622.43
1765.23 -4512.82
1765.42 -4065.15
1765.6 -3765.89
1765.79 -2854.62
1765.97 -2629.25
1766.16 -2249.69
1766.35 -1868.56
1766.53 -1395.7
1766.72 -1192.96
1766.9 -804.33
1767.09 -747.415
1767.28 -574.354
1767.46 -258.622
1767.65 -222.492
1767.84 -213.014
1768.02 -104.537
1768.21 -62.3159
1768.39 -71.4821
1768.58 -21.4861
1768.77 2.88964
1768.95 -13.0426
1769.14 3.31225
1769.32 -5.88995
1833.35 -0.589733
1833.54 1.56767
1833.72 -7.11307
1833.91 3.79788
1834.09 6.07664
1834.28 -2.84842
1834.47 1.72648
1834.65 1.80428
1834.84 -0.540341
1835.03 -0.490352
1835.21 -13.7831
1835.4 -0.269838
1835.58 -11.9893
1835.77 0.23328
1835.96 -6.07038
1836.14 4.73498
1836.33 -16.9809
1836.51 -13.2317
1836.7 -8.93121
1836.89 -12.8308
1837.07 -35.1023
1837.26 -21.3463
1837.44 -45.2229
1837.63 -45.5089
1837.82 -20.5484
1838 -40.6837
1838.19 -66.3344
1838.38 -25.2648
1838.56 -71.4493
1838.75 -35.5963
1838.93 -45.6702
1839.12 -40.562
1839.31 -30.7527
1839.49 2.038
1839.68 10.1592
1839.86 -25.8992
1840.05 -0.595915
1840.24 -17.2059
1840.42 1.89243
1840.61 -20.2462
1840.8 -26.4034
1840.98 -9.30615
1841.17 -21.2995
1841.35 -0.169099
1841.54 -8.65237
1841.73 -5.76369
1841.91 -16.0905
1842.1 -0.490965
1842.28 2.01617
1842.47 -10.5826
1842.66 -5.57594
1842.84 -0.469742
1843.03 -0.410615
1843.21 5.27688
1843.4 -0.106499
1843.59 -9.248
1843.77 7.59421
1843.96 -9.4789
1844.15 -21.2723
1844.33 -17.1628
1844.52 -45.0241
1844.7 -40.6886
1844.89 -18.1342
1845.08 -62.1298
1845.26 -91.9922
1845.45 -110.841
1845.63 -144.032
1845.82 -135.896
1846.01 -281.843
1846.19 -244.945
1846.38 -299.04
1846.57 -314.789
1846.75 -403.863
1846.94 -412.5
1847.12 -321.179
1847.31 -496.204
1847.5 -370.878
1847.68 -354.353
1847.87 -429.11
1848.05 -354.966
1848.24 -242.22
1848.43 -306.929
1848.61 -344.983
1848.8 -319.829
1848.98 -178.721
1849.17 -185.664
1849.36 -157.269
1849.54 -98.2027
1849.73 -103.828
1849.92 -39.7596
1850.1 -40.619
1850.29 -40.5304
1850.47 -26.0418
1850.66 -17.2685
1850.85 -17.1138
1851.03 -2.33519
1851.22 0.591191
1851.4 3.30236
1851.59 -0.0851668
1851.78 -8.77149
1851.96 -3.08998
1852.15 -3.08371
1852.33 -3.07524
1868.16 -0.451728
1868.34 -2.22915
1868.53 1.3137
1868.71 1.32537
1868.9 3.1854
1869.09 -2.40546
1869.27 -2.47477
1869.46 3.42805
1869.64 3.56333
1869.83 -2.75608
1870.02 -2.86363
1870.2 -0.557536
1870.39 -0.489886
1870.58 -11.2419
1870.76 2.71335
1870.95 3.16667
1871.13 -6.09134
1871.32 -9.47741
1871.51 -20.4163
1871.69 -5.60355
1871.88 -9.2541
1872.06 -25.5118
1872.25 -13.0057
1872.44 -17.1912
1872.62 -21.5454
1872.81 -26.0249
1872.99 -21.5028
1873.18 -39.6935
1873.37 -48.7276
1873.55 -44.0283
1873.74 -12.6639
1873.93 -12.831
1874.11 -12.9981
1874.3 -9.00584
1874.48 -9.2317
1874.67 -1.7169
1874.86 -13.1656
1875.04 -9.4931
1875.23 0.605355
1875.41 -12.4402
1875.6 -3.02884
1875.79 -5.94979
1875.97 -0.351867
1876.16 4.80047
1876.35 -0.505351
1876.53 -0.541839
1876.72 -2.95226
1876.9 -0.575142
1877.09 -0.581666
1877.28 -0.585113
1877.46 -5.14049
1877.65 -2.85766
1877.83 -2.85583
1878.02 -0.587728
2113.67 2.00702
2113.86 2.31979
2114.04 2.53145
2114.23 0.747345
2114.41 2.27638
2114.6 -1.34082
2114.79 4.55635
2114.97 1.46488
2115.16 1.90827
2115.35 -11.6968
2115.53 -12.6779
2115.72 1.6609
2115.9 -21.3837
2116.09 -17.0204
2116.28 -45.3437
2116.46 -19.8282
2116.65 -78.8242
2116.83 -50.6054
2117.02 -85.8688
2117.21 -110.837
2117.39 -130.434
2117.58 -90.5372
2117.77 -123.617
2117.95 -227.08
2118.14 -73.6934
2118.32 -221.164
2118.51 -157.652
2118.7 -200.01
2118.88 -171.776
2119.07 -143.945
2119.25 -96.3093
2119.44 -164.02
2119.63 -149.992
2119.81 -142.423
2120 -67.6153
2120.19 -79.6963
2120.37 -51.1836
2120.56 -45.8837
2120.74 -35.6163
2120.93 -21.5135
2121.12 -17.27
2121.3 1.73178
2121.49 -2.76479
2121.67 -3.0751
2121.86 -5.47801
2122.05 1.48298
2122.23 1.26933
2122.42 2.53791
2122.61 1.30257
2122.79 -0.699272
2122.98 2.5486
2123.16 1.71749
2123.35 2.00775
2123.54 2.00147
2199.3 -1.45898
2199.49 2.95763
2199.67 5.66558
2199.86 -3.0338
2200.04 -6.04317
2200.23 1.0593
2200.42 -29.3376
2200.6 -7.85764
2200.79 -55.8227
2200.98 -56.7228
2201.16 -61.7927
2201.35 -72.1863
2201.53 -116.498
2201.72 -215.011
2201.91 -229.654
2202.09 -227.005
2202.28 -437.499
2202.46 -497.55
2202.65 -496.951
2202.84 -774.569
2203.02 -767.166
2203.21 -663.94
2203.4 -775.722
2203.58 -860.938
2203.77 -860.369
2203.95 -1083.15
2204.14 -966.709
2204.33 -1053.83
2204.51 -966.644
2204.7 -918.449
2204.88 -908.137
2205.07 -878.248
2205.26 -811.194
2205.44 -611.784
2205.63 -368.5
2205.82 -470.991
2206 -226.451
2206.19 -298.684
2206.37 -244.405
2206.56 -206.373
2206.75 -52.2237
2206.93 -79.7929
2207.12 -95.9733
2207.3 -15.0732
2207.49 -2.94664
2207.68 3.27831
2207.86 -5.90611
2208.05 -12.2509
2208.24 -3.0622
2208.42 -9.18814
2208.61 -0.448155
2208.79 -1.56083
2208.98 3.48048
2288.66 0.52667
2288.84 0.575814
2289.03 0.644346
2289.21 2.73141
2289.4 0.864888
2289.59 1.03251
2289.77 3.12874
2289.96 1.52925
2290.15 2.00382
2290.33 1.73377
2290.52 2.13591
2290.7 -0.909409
2290.89 1.23077
2291.08 3.15765
2291.26 -4.91466
2291.45 -0.531729
2291.63 -16.8853
2291.82 -3.02777
2292.01 -2.84477
2292.19 -2.57337
2292.38 -9.49856
2292.57 -1.90955
2292.75 -24.8953
2292.94 -9.26224
2293.12 -13.2107
2293.31 -13.1968
2293.5 -25.3427
2293.68 -1.17278
2293.87 -9.2854
2294.05 -36.3902
2294.24 -9.46542
2294.43 -5.917
2294.61 -2.64713
2294.8 -2.89966
2294.99 2.85715
2295.17 -3.08382
2295.36 4.23891
2295.54 -2.66409
2295.73 -0.446774
2295.92 1.22745
2296.1 -0.692848
2296.29 2.69756
2296.47 2.00935
2296.66 1.78955
2296.85 2.09015
2297.03 2.22507
2297.22 0.989775
2297.41 2.58519
2297.59 0.714454
2297.78 0.627008
2297.96 0.563426
2298.15 0.517973
2298.34 3.31532
2442.99 2.77252
2443.18 2.64706
2443.36 2.0977
2443.55 2.61985
2443.74 2.30376
2443.92 -0.259858
2444.11 -4.51761
2444.29 1.92578
2444.48 5.73694
2444.67 -2.66835
2444.85 -17.0596
2445.04 -8.78162
2445.22 -21.4225
2445.41 -40.6283
2445.6 -24.5653
2445.78 -84.887
2445.97 -103.497
2446.16 -147.602
2446.34 -123.743
2446.53 -104.172
2446.71 -191.449
2446.9 -192.348
2447.09 -157.744
2447.27 -129.167
2447.46 -178.858
2447.65 -257.777
2447.83 -78.457
2448.02 -164.599
2448.2 -263.711
2448.39 -213.61
2448.58 -144.051
2448.76 -83.6682
2448.95 -123.944
2449.13 -136.107
2449.32 -67.6395
2449.51 -27.3747
2449.69 -56.7196
2449.88 -25.0878
2450.07 -16.204
2450.25 -12.5893
2450.44 -17.2569
2450.62 -2.18994
2450.81 -2.88556
2451 -5.83696
2451.18 -0.587458
2451.37 4.88871
2451.55 2.53274
2451.74 0.548556
2451.93 2.03503
2452.11 2.00113
2452.3 1.59168
2452.49 2.13892
2452.67 2.24383
2452.86 1.04422
