am241  am241  59.5409 9.050514e-04 8.313592e-06 8.313592e-06 3.868363e+04 5.802544e+02 5.821862e+02 5.780433e+02 3.590000e-01 4.000000e-03 1.256883e+01 1.154544e-01
ba133  ba133  53.1622 5.593988e-04 1.148064e-04 1.148064e-04 3.474582e+04 5.211873e+02 5.230836e+02 5.182294e+02 2.140000e-02 3.000000e-04 4.159469e-01 8.536548e-02
ba133  ba133  79.6142 5.577201e-03 3.582199e-04 3.582199e-04 3.474582e+04 5.211873e+02 5.230836e+02 5.182294e+02 2.650000e-02 5.000000e-04 5.135287e+00 3.298361e-01
ba133  ba133  80.9979 2.556355e-03 2.920358e-05 2.920358e-05 3.474582e+04 5.211873e+02 5.230836e+02 5.182294e+02 3.290000e-01 3.000000e-03 2.922265e+01 3.338371e-01
ba133  ba133  160.6120 6.470621e-03 6.541633e-04 6.541633e-04 3.474582e+04 5.211873e+02 5.230836e+02 5.182294e+02 6.380000e-03 5.000000e-05 1.434396e+00 1.450138e-01
ba133  ba133  223.2368 6.378953e-03 6.134410e-04 6.134410e-04 3.474582e+04 5.211873e+02 5.230836e+02 5.182294e+02 4.530000e-03 3.000000e-05 1.004038e+00 9.655473e-02
ba133  ba133  276.3989 5.346244e-03 8.378043e-05 8.378043e-05 3.474582e+04 5.211873e+02 5.230836e+02 5.182294e+02 7.160000e-02 5.000000e-04 1.330039e+01 2.084290e-01
ba133  ba133  302.8508 5.342467e-03 3.737145e-05 3.737145e-05 3.474582e+04 5.211873e+02 5.230836e+02 5.182294e+02 1.834000e-01 1.300000e-03 3.404424e+01 2.381452e-01
ba133  ba133  356.0129 4.981840e-03 1.907796e-05 1.907796e-05 3.474582e+04 5.211873e+02 5.230836e+02 5.182294e+02 6.205000e-01 1.900000e-03 1.074074e+02 4.113166e-01
ba133  ba133  383.8485 4.691354e-03 4.997245e-05 4.997245e-05 3.474582e+04 5.211873e+02 5.230836e+02 5.182294e+02 8.940000e-02 6.000000e-04 1.457264e+01 1.552282e-01
cs137  cs137  661.6570 3.503020e-03 2.901716e-05 2.901716e-05 4.300154e+04 6.450231e+02 6.458069e+02 6.430690e+02 8.510000e-01 2.000000e-03 1.281906e+02 1.061863e+00
co60   co60   1173.2280 2.546747e-03 1.522896e-05 1.522896e-05 2.993611e+04 4.490416e+02 -4.488678e+02 -4.509516e+02 9.985000e-01 3.000000e-04 7.612533e+01 4.552118e-01
co60   co60   1332.4920 2.338648e-03 1.419508e-05 1.419508e-05 2.993611e+04 4.490416e+02 -4.488678e+02 -4.509516e+02 9.998260e-01 6.000000e-06 6.999785e+01 4.248714e-01
eu152  eu152b 344.2785 3.119510e-03 1.345242e-05 1.345242e-05 3.351804e+04 5.027706e+02 5.043200e+02 5.012636e+02 4.235375e-01 2.000000e-03 4.428502e+01 1.909725e-01
eu152  eu152b 367.7891 2.234720e-04 7.790556e-06 7.790556e-06 3.351804e+04 5.027706e+02 5.043200e+02 5.012636e+02 1.851939e-01 6.000000e-05 1.387166e+00 4.835862e-02
eu152  eu152b 411.1165 4.937337e-04 8.932215e-06 8.932215e-06 3.351804e+04 5.027706e+02 5.043200e+02 5.012636e+02 2.066872e-01 1.300000e-04 3.420464e+00 6.188017e-02
eu152  eu152b 586.2648 7.437476e-05 4.581548e-06 4.581548e-06 3.351804e+04 5.027706e+02 5.043200e+02 5.012636e+02 2.241521e-01 4.000000e-05 5.587879e-01 3.442181e-02
eu152  eu152b 678.6230 5.476872e-05 3.993244e-06 3.993244e-06 3.351804e+04 5.027706e+02 5.043200e+02 5.012636e+02 2.474911e-01 4.000000e-05 4.543294e-01 3.312563e-02
eu152  eu152b 778.9045 1.084019e-03 8.535112e-06 8.535112e-06 3.351804e+04 5.027706e+02 5.043200e+02 5.012636e+02 3.755263e-01 8.000000e-04 1.364445e+01 1.074307e-01
eu152  eu152b 1299.1420 2.629511e-04 6.622890e-06 6.622890e-06 3.351804e+04 5.027706e+02 5.043200e+02 5.012636e+02 1.553054e-01 1.100000e-04 1.368801e+00 3.447567e-02
eu152  eu152e 121.7817 3.601588e-03 1.535704e-05 1.535704e-05 3.351804e+04 5.027706e+02 5.043200e+02 5.012636e+02 4.101291e-01 1.600000e-03 4.951004e+01 2.111091e-01
eu152  eu152e 244.6974 2.042180e-03 1.734567e-05 1.734567e-05 3.351804e+04 5.027706e+02 5.043200e+02 5.012636e+02 2.105159e-01 4.000000e-04 1.440978e+01 1.223924e-01
eu152  eu152e 295.9387 1.887381e-04 9.608821e-06 9.608821e-06 3.351804e+04 5.027706e+02 5.043200e+02 5.012636e+02 1.547727e-01 4.000000e-05 9.791121e-01 4.984746e-02
eu152  eu152e 488.6792 9.543749e-05 5.441867e-06 5.441867e-06 3.351804e+04 5.027706e+02 5.043200e+02 5.012636e+02 1.978821e-01 3.000000e-05 6.330007e-01 3.609384e-02
eu152  eu152e 563.9860 9.241664e-05 5.172733e-06 5.172733e-06 3.351804e+04 5.027706e+02 5.043200e+02 5.012636e+02 2.087295e-01 5.000000e-05 6.465659e-01 3.618951e-02
eu152  eu152e 688.6700 1.165173e-04 4.426576e-06 4.426576e-06 3.351804e+04 5.027706e+02 5.043200e+02 5.012636e+02 2.554685e-01 6.000000e-05 9.977149e-01 3.790391e-02
eu152  eu152e 719.3460 3.845503e-05 3.603642e-06 3.603642e-06 3.351804e+04 5.027706e+02 5.043200e+02 5.012636e+02 2.477530e-01 8.000000e-05 3.193380e-01 2.992534e-02
eu152  eu152e 810.4510 4.416522e-05 3.755922e-06 3.755922e-06 3.351804e+04 5.027706e+02 5.043200e+02 5.012636e+02 2.506775e-01 3.000000e-05 3.710858e-01 3.155808e-02
eu152  eu152e 867.3800 4.456399e-04 6.734553e-06 6.734553e-06 3.351804e+04 5.027706e+02 5.043200e+02 5.012636e+02 2.816519e-01 3.000000e-04 4.207028e+00 6.357701e-02
eu152  eu152e 919.3370 4.888285e-05 3.364331e-06 3.364331e-06 3.351804e+04 5.027706e+02 5.043200e+02 5.012636e+02 2.427887e-01 5.000000e-05 3.977990e-01 2.737826e-02
eu152  eu152e 926.3100 2.954510e-05 3.077999e-06 3.077999e-06 3.351804e+04 5.027706e+02 5.043200e+02 5.012636e+02 2.395477e-01 3.000000e-05 2.372226e-01 2.471378e-02
eu152  eu152e 964.0570 1.090253e-03 8.435302e-06 8.435302e-06 3.351804e+04 5.027706e+02 5.043200e+02 5.012636e+02 3.781020e-01 7.000000e-04 1.381703e+01 1.069026e-01
eu152  eu152e 1005.2700 9.037990e-05 3.800957e-06 3.800957e-06 3.351804e+04 5.027706e+02 5.043200e+02 5.012636e+02 2.299476e-01 1.100000e-04 6.965936e-01 2.929548e-02
eu152  eu152e 1112.0760 1.009114e-03 8.448091e-06 8.448091e-06 3.351804e+04 5.027706e+02 5.043200e+02 5.012636e+02 3.507075e-01 8.000000e-04 1.186217e+01 9.930757e-02
eu152  eu152e 1212.9480 1.937694e-04 5.607420e-06 5.607420e-06 3.351804e+04 5.027706e+02 5.043200e+02 5.012636e+02 1.823085e-01 8.000000e-05 1.184052e+00 3.426484e-02
eu152  eu152e 1408.0130 1.457731e-03 1.026877e-05 1.026877e-05 3.351804e+04 5.027706e+02 5.043200e+02 5.012636e+02 3.277817e-01 9.000000e-04 1.601551e+01 1.128189e-01
eu152  eu152e 1457.6430 9.518501e-05 4.635828e-06 4.635828e-06 3.351804e+04 5.027706e+02 5.043200e+02 5.012636e+02 1.194872e-01 4.000000e-05 3.812137e-01 1.856638e-02
eu152  eu152e 1528.1000 6.242548e-05 4.156732e-06 4.156732e-06 3.351804e+04 5.027706e+02 5.043200e+02 5.012636e+02 9.863784e-02 3.000000e-05 2.063878e-01 1.374277e-02
eu152  eu152e 566.4380 2.958751e-04 4.015905e-05 4.015905e-05 3.351804e+04 5.027706e+02 5.043200e+02 5.012636e+02 2.342027e-02 3.000000e-05 2.322624e-01 3.152493e-02
na22   na22   1274.5370 2.410437e-03 1.022481e-05 1.022481e-05 2.633740e+04 3.950610e+02 3.992294e+02 3.926455e+02 9.994000e-01 1.400000e-04 6.344656e+01 2.691334e-01
pb210  pb210  46.5390 4.030524e-04 9.813226e-06 9.813226e-06 2.056065e+05 4.112129e+03 4.111501e+03 4.104338e+03 4.250000e-02 4.000000e-04 3.521983e+00 8.575067e-02
ra226  ra226  186.2110 5.550265e-03 6.341219e-05 6.341219e-05 2.967589e+04 4.451383e+02 4.479240e+02 4.433663e+02 3.640000e-02 4.000000e-04 5.995410e+00 6.849799e-02
ra226  pb214  241.9950 5.537499e-03 3.390985e-05 3.390985e-05 2.967589e+04 4.451383e+02 4.479240e+02 4.433663e+02 7.251000e-02 1.600000e-04 1.191558e+01 7.296717e-02
ra226  pb214  258.8600 5.806428e-03 2.434844e-04 2.434844e-04 2.967589e+04 4.451383e+02 4.479240e+02 4.433663e+02 5.310000e-03 4.000000e-05 9.149709e-01 3.836803e-02
ra226  pb214  274.8000 7.384620e-03 3.228340e-04 3.228340e-04 2.967589e+04 4.451383e+02 4.479240e+02 4.433663e+02 3.550000e-03 1.000000e-04 7.779653e-01 3.401037e-02
ra226  pb214  295.2228 5.156909e-03 1.797341e-05 1.797341e-05 2.967589e+04 4.451383e+02 4.479240e+02 4.433663e+02 1.842000e-01 4.000000e-04 2.818920e+01 9.824802e-02
ra226  pb214  351.9321 4.804694e-03 1.251649e-05 1.251649e-05 2.967589e+04 4.451383e+02 4.479240e+02 4.433663e+02 3.560000e-01 7.000000e-04 5.075975e+01 1.322320e-01
ra226  pb214  462.0200 3.083781e-03 3.704405e-04 3.704405e-04 2.967589e+04 4.451383e+02 4.479240e+02 4.433663e+02 2.120000e-03 5.000000e-05 1.940096e-01 2.330548e-02
ra226  pb214  480.4320 4.037150e-03 1.592401e-04 1.592401e-04 2.967589e+04 4.451383e+02 4.479240e+02 4.433663e+02 3.370000e-03 4.000000e-05 4.037463e-01 1.592524e-02
ra226  pb214  487.1400 4.106350e-03 1.428355e-04 1.428355e-04 2.967589e+04 4.451383e+02 4.479240e+02 4.433663e+02 4.320000e-03 5.000000e-05 5.264334e-01 1.831149e-02
ra226  pb214  580.1400 3.764782e-03 1.085079e-04 1.085079e-04 2.967589e+04 4.451383e+02 4.479240e+02 4.433663e+02 3.700000e-03 4.000000e-05 4.133760e-01 1.191426e-02
ra226  pb214  785.9600 3.050873e-03 3.509435e-04 3.509435e-04 2.967589e+04 4.451383e+02 4.479240e+02 4.433663e+02 1.060000e-02 3.000000e-04 9.596961e-01 1.103943e-01
ra226  pb214  839.0700 2.942065e-03 1.316559e-04 1.316559e-04 2.967589e+04 4.451383e+02 4.479240e+02 4.433663e+02 5.830000e-03 8.000000e-05 5.090080e-01 2.277785e-02
ra226  bi214  386.7800 4.975605e-03 3.390822e-04 3.390822e-04 2.967589e+04 4.451383e+02 4.479240e+02 4.433663e+02 2.950000e-03 5.000000e-05 4.355837e-01 2.968457e-02
ra226  bi214  388.8900 4.590746e-03 2.019969e-04 2.019969e-04 2.967589e+04 4.451383e+02 4.479240e+02 4.433663e+02 4.020000e-03 1.000000e-04 5.476625e-01 2.409764e-02
ra226  bi214  454.7900 3.176546e-03 3.070808e-04 3.070808e-04 2.967589e+04 4.451383e+02 4.479240e+02 4.433663e+02 2.920000e-03 4.000000e-05 2.752591e-01 2.660966e-02
ra226  bi214  609.3200 3.510634e-03 1.008031e-05 1.008031e-05 2.967589e+04 4.451383e+02 4.479240e+02 4.433663e+02 4.549000e-01 1.600000e-03 4.739202e+01 1.360797e-01
ra226  bi214  665.4470 3.410000e-03 3.923790e-05 3.923790e-05 2.967589e+04 4.451383e+02 4.479240e+02 4.433663e+02 1.531000e-02 6.000000e-05 1.549292e+00 1.782726e-02
ra226  bi214  703.1100 3.295172e-03 8.932000e-05 8.932000e-05 2.967589e+04 4.451383e+02 4.479240e+02 4.433663e+02 4.720000e-03 9.000000e-05 4.615554e-01 1.251107e-02
ra226  bi214  719.8700 3.053455e-03 9.370455e-05 9.370455e-05 2.967589e+04 4.451383e+02 4.479240e+02 4.433663e+02 3.920000e-03 8.000000e-05 3.552069e-01 1.090060e-02
ra226  bi214  768.3600 3.134631e-03 3.267712e-05 3.267712e-05 2.967589e+04 4.451383e+02 4.479240e+02 4.433663e+02 4.894000e-02 1.100000e-04 4.552544e+00 4.745822e-02
ra226  bi214  806.1800 2.937028e-03 4.671433e-05 4.671433e-05 2.967589e+04 4.451383e+02 4.479240e+02 4.433663e+02 1.264000e-02 5.000000e-05 1.101689e+00 1.752270e-02
ra226  bi214  934.0560 2.824637e-03 3.988844e-05 3.988844e-05 2.967589e+04 4.451383e+02 4.479240e+02 4.433663e+02 3.107000e-02 1.000000e-04 2.604400e+00 3.677834e-02
ra226  bi214  964.0800 2.620419e-03 2.132653e-04 2.132653e-04 2.967589e+04 4.451383e+02 4.479240e+02 4.433663e+02 3.650000e-03 1.000000e-04 2.838359e-01 2.310026e-02
ra226  bi214  1051.9600 2.680820e-03 1.125150e-04 1.125150e-04 2.967589e+04 4.451383e+02 4.479240e+02 4.433663e+02 3.130000e-03 7.000000e-05 2.490094e-01 1.045102e-02
ra226  bi214  1069.9600 2.427550e-03 1.573019e-04 1.573019e-04 2.967589e+04 4.451383e+02 4.479240e+02 4.433663e+02 2.720000e-03 9.000000e-05 1.959480e-01 1.269716e-02
ra226  bi214  1120.2940 2.570738e-03 1.225948e-05 1.225948e-05 2.967589e+04 4.451383e+02 4.479240e+02 4.433663e+02 1.492000e-01 3.000000e-04 1.138231e+01 5.428059e-02
ra226  bi214  1133.6600 2.483088e-03 1.088944e-04 1.088944e-04 2.967589e+04 4.451383e+02 4.479240e+02 4.433663e+02 2.512000e-03 1.000000e-05 1.851038e-01 8.117627e-03
ra226  bi214  1155.2100 2.480426e-03 3.881077e-05 3.881077e-05 2.967589e+04 4.451383e+02 4.479240e+02 4.433663e+02 1.633000e-02 6.000000e-05 1.202032e+00 1.880798e-02
ra226  bi214  1207.6800 2.351235e-03 9.976217e-05 9.976217e-05 2.967589e+04 4.451383e+02 4.479240e+02 4.433663e+02 4.510000e-03 1.000000e-04 3.146852e-01 1.335200e-02
ra226  bi214  1238.1220 2.392469e-03 2.524592e-05 2.524592e-05 2.967589e+04 4.451383e+02 4.479240e+02 4.433663e+02 5.834000e-02 1.500000e-04 4.142061e+00 4.370804e-02
ra226  bi214  1280.9760 2.423529e-03 6.023195e-05 6.023195e-05 2.967589e+04 4.451383e+02 4.479240e+02 4.433663e+02 1.434000e-02 6.000000e-05 1.031338e+00 2.563184e-02
ra226  bi214  1377.6690 2.302708e-03 2.271214e-05 2.271214e-05 2.967589e+04 4.451383e+02 4.479240e+02 4.433663e+02 3.988000e-02 1.100000e-04 2.725196e+00 2.687924e-02
ra226  bi214  1385.3100 2.297987e-03 5.750644e-05 5.750644e-05 2.967589e+04 4.451383e+02 4.479240e+02 4.433663e+02 7.930000e-03 5.000000e-05 5.407848e-01 1.353298e-02
ra226  bi214  1401.5150 2.185602e-03 4.731178e-05 4.731178e-05 2.967589e+04 4.451383e+02 4.479240e+02 4.433663e+02 1.330000e-02 5.000000e-05 8.626337e-01 1.867345e-02
ra226  bi214  1407.9880 2.193528e-03 3.195838e-05 3.195838e-05 2.967589e+04 4.451383e+02 4.479240e+02 4.433663e+02 2.394000e-02 7.000000e-05 1.558371e+00 2.270454e-02
ra226  bi214  1509.2100 2.215546e-03 3.138990e-05 3.138990e-05 2.967589e+04 4.451383e+02 4.479240e+02 4.433663e+02 2.130000e-02 1.000000e-04 1.400438e+00 1.984144e-02
ra226  bi214  1538.5300 2.454852e-03 8.780062e-05 8.780062e-05 2.967589e+04 4.451383e+02 4.479240e+02 4.433663e+02 3.980000e-03 1.100000e-04 2.899427e-01 1.037013e-02
ra226  bi214  1543.3400 1.996335e-03 1.043585e-04 1.043585e-04 2.967589e+04 4.451383e+02 4.479240e+02 4.433663e+02 3.030000e-03 1.000000e-04 1.795064e-01 9.383705e-03
ra226  bi214  1583.2040 2.124016e-03 5.494453e-05 5.494453e-05 2.967589e+04 4.451383e+02 4.479240e+02 4.433663e+02 7.050000e-03 5.000000e-05 4.443761e-01 1.149522e-02
ra226  bi214  1594.7500 1.971750e-03 1.043710e-04 1.043710e-04 2.967589e+04 4.451383e+02 4.479240e+02 4.433663e+02 2.670000e-03 1.200000e-04 1.562308e-01 8.269798e-03
ra226  bi214  1599.3700 1.843196e-03 8.543569e-05 8.543569e-05 2.967589e+04 4.451383e+02 4.479240e+02 4.433663e+02 3.240000e-03 1.200000e-04 1.772231e-01 8.214631e-03
ra226  bi214  1661.2740 1.927332e-03 3.353157e-05 3.353157e-05 2.967589e+04 4.451383e+02 4.479240e+02 4.433663e+02 1.047000e-02 6.000000e-05 5.988348e-01 1.041848e-02
ra226  bi214  1684.0120 2.037633e-03 1.082969e-04 1.082969e-04 2.967589e+04 4.451383e+02 4.479240e+02 4.433663e+02 2.140000e-03 5.000000e-05 1.294027e-01 6.877547e-03
ra226  bi214  1729.5950 2.024806e-03 2.048404e-05 2.048404e-05 2.967589e+04 4.451383e+02 4.479240e+02 4.433663e+02 2.878000e-02 8.000000e-05 1.729330e+00 1.749485e-02
ra226  bi214  1764.4910 1.973347e-03 1.354060e-05 1.354060e-05 2.967589e+04 4.451383e+02 4.479240e+02 4.433663e+02 1.530000e-01 3.000000e-04 8.959808e+00 6.147990e-02
ra226  bi214  1838.3600 1.625136e-03 7.009116e-05 7.009116e-05 2.967589e+04 4.451383e+02 4.479240e+02 4.433663e+02 3.500000e-03 1.000000e-04 1.687958e-01 7.280061e-03
ra226  bi214  1847.4290 1.846115e-03 2.396430e-05 2.396430e-05 2.967589e+04 4.451383e+02 4.479240e+02 4.433663e+02 2.025000e-02 9.000000e-05 1.109398e+00 1.440103e-02
ra226  bi214  1873.1600 1.809822e-03 9.550001e-05 9.550001e-05 2.967589e+04 4.451383e+02 4.479240e+02 4.433663e+02 2.140000e-03 8.000000e-05 1.149353e-01 6.064862e-03
ra226  bi214  2118.5140 1.809439e-03 2.924940e-05 2.924940e-05 2.967589e+04 4.451383e+02 4.479240e+02 4.433663e+02 1.160000e-02 6.000000e-05 6.228820e-01 1.006882e-02
ra226  bi214  2204.0590 1.595255e-03 1.752352e-05 1.752352e-05 2.967589e+04 4.451383e+02 4.479240e+02 4.433663e+02 4.924000e-02 1.800000e-04 2.331051e+00 2.560609e-02
ra226  bi214  2293.3800 1.417536e-03 5.085603e-05 5.085603e-05 2.967589e+04 4.451383e+02 4.479240e+02 4.433663e+02 3.070000e-03 3.000000e-05 1.291446e-01 4.633237e-03
ra226  bi214  2447.7000 1.470569e-03 3.268060e-05 3.268060e-05 2.967589e+04 4.451383e+02 4.479240e+02 4.433663e+02 1.548000e-02 7.000000e-05 6.755540e-01 1.501290e-02
ra226  pb210  46.5390 1.423477e-04 4.464434e-05 4.464434e-05 2.967589e+04 4.451383e+02 4.479240e+02 4.433663e+02 4.250000e-02 4.000000e-04 1.795325e-01 5.630657e-02
