24.2488 -200.456
24.435 -193.172
24.6213 -156.705
24.8075 -207.751
24.9937 -244.324
25.18 -251.725
25.3662 -259.162
25.5525 -237.187
25.7387 -156.11
25.925 -215.109
26.1112 -163.335
26.2974 -207.706
26.4837 -207.708
26.6699 -266.85
26.8562 -266.776
27.0424 -215.109
27.2287 -207.752
27.4149 -185.75
27.6012 -193.116
27.7874 -156.601
27.9736 -215.046
28.1599 -178.591
28.3461 -134.921
28.5324 -200.457
28.7186 -236.826
28.9049 -185.913
29.0911 -273.162
55.1651 -655.547
55.3514 -757.965
55.5376 -607.911
55.7238 -795.27
55.9101 -870.808
56.0963 -1004.69
56.2826 -957.021
56.4688 -1182.7
56.6551 -1476.06
56.8413 -1801.18
57.0275 -2040.93
57.2138 -2617.15
57.4 -3190.58
57.5863 -4221.42
57.7725 -5413.65
57.9588 -7156.58
58.145 -7756.14
58.3312 -9806.89
58.5175 -11926.1
58.7037 -13486.8
58.89 -14384.5
59.0762 -15534.5
59.2625 -17817.4
59.4487 -17597.5
59.6349 -17510.1
59.8212 -17261.7
60.0074 -15426.7
60.1937 -14317.2
60.3799 -12313.9
60.5662 -10607.1
60.7524 -8469.83
60.9386 -6655.51
61.1249 -5376.41
61.3111 -3981.18
61.4974 -3005.2
61.6836 -1835.26
61.8699 -1467.39
62.0561 -699.113
62.2423 -514.664
62.4286 -290.653
62.6148 -157.163
62.8011 -123.589
62.9873 -34.8738
63.1736 -12.4214
63.3598 -2.24979
63.546 -11.3009
63.7323 5.22276
63.9185 2.45984
64.1048 2.79753
64.291 1.44952
64.4773 1.91809
64.6635 2.00254
64.8497 1.8284
69.8783 1.23387
70.0646 -0.0377191
70.2508 1.23386
70.437 1.23385
70.6233 1.23385
70.8095 1.23384
70.9958 1.23383
71.182 3.77772
71.3683 3.77783
71.5545 1.23381
71.7407 -1.31045
71.927 1.2338
72.1132 -0.0384563
72.2995 1.23379
72.4857 3.77852
72.672 2.5062
72.8582 1.23377
73.0444 2.50631
73.2307 1.23375
73.4169 1.23375
73.6032 2.50647
73.7894 1.23373
73.9757 -0.039126
74.1619 1.23372
74.3481 -0.0392598
74.5344 -0.0393268
74.7206 2.50679
74.9069 3.78
75.0931 -1.31274
75.2794 1.23368
75.4656 3.78034
75.6518 2.50706
75.8381 2.50711
76.0243 -0.039862
76.2106 2.50722
76.3968 -2.58727
76.5831 2.50733
76.7693 2.50738
76.9555 1.23362
77.1418 -0.0402631
77.328 -0.04033
77.5143 -3.86239
77.7005 2.50765
77.8868 2.5077
78.073 1.23358
78.2592 -0.0406641
78.4455 -2.58933
78.6317 -0.0407977
78.818 2.50797
79.0042 -0.0409313
79.1905 2.50808
79.3767 2.50813
79.5629 1.23353
79.7492 -0.0411984
79.9354 2.5083
80.1217 3.78319
80.3079 1.2335
80.4942 2.50846
80.6804 2.50851
80.8666 1.23348
81.0529 2.50862
81.2391 3.78387
81.4254 -0.0417991
81.6116 -1.31719
81.7979 2.50883
81.9841 3.78433
82.1703 2.50894
82.3566 1.23343
82.5428 3.78467
82.7291 2.5091
82.9153 2.50915
83.1016 1.2334
83.2878 3.78513
83.474 1.23339
83.6603 2.50937
83.8465 1.23338
84.0328 2.50948
84.219 1.23337
84.4053 -0.0428659
84.5915 2.50964
84.7777 1.23335
84.964 2.50975
85.1502 3.78627
85.3365 2.50985
85.5227 1.23332
85.709 3.78661
85.8952 2.51001
86.0814 -2.597
86.2677 -1.32036
86.4539 1.23329
86.6402 2.51023
86.8264 -0.0437317
87.0127 -1.32087
87.1989 1.23326
87.3852 2.51044
87.5714 2.5105
87.7576 -1.32137
87.9439 2.51061
88.1301 -3.87648
88.3164 1.23322
88.5026 2.51077
88.6889 -8.98766
88.8751 -0.0444635
89.0613 2.51093
89.2476 1.23319
89.4338 2.51104
89.6201 1.23318
89.8063 2.51114
89.9926 -0.0448624
90.1788 1.23316
90.365 3.78946
90.5513 2.51136
90.7375 -1.3234
90.9238 3.7898
91.11 2.51152
91.2963 2.51157
91.4825 -0.045394
91.6687 2.51168
91.855 3.79037
92.0412 1.2331
236.38 -4.19096
236.566 3.17209
236.752 3.16013
236.938 3.14856
237.125 -2.29986
237.311 -2.28886
237.497 1.31849
237.683 1.31559
237.869 3.09915
238.056 -2.2511
238.242 -0.467567
238.428 3.07901
238.614 1.30546
238.801 1.30436
238.987 -3.98923
239.173 -0.459986
239.359 3.06525
239.546 4.8276
239.732 -0.459847
239.918 1.30325
240.104 1.3036
240.291 -2.22635
240.477 -0.461533
240.663 3.06998
240.849 -0.461254
241.036 -2.22416
241.222 1.30231
241.408 1.30076
241.594 -0.45361
241.781 -10.9229
241.967 3.03001
242.153 3.01628
242.339 -0.430903
242.526 -0.422299
242.712 4.65045
242.898 4.61289
243.084 2.91878
243.271 -0.37555
243.457 1.25477
243.643 2.84552
243.829 1.24572
244.016 -0.311747
244.202 -0.293974
244.388 2.74651
244.574 4.21331
244.76 1.23093
244.947 -0.220098
245.133 -0.201626
245.319 -0.183373
245.505 4.01312
245.692 1.22747
245.878 1.2278
246.064 -1.45572
271.579 2.23201
271.766 3.10869
271.952 1.34884
272.138 1.35327
272.324 3.06382
272.511 0.518874
272.697 3.03462
272.883 1.37147
273.069 2.19113
273.256 -0.230865
273.442 2.18201
273.628 2.96531
273.814 2.1734
274.001 0.629043
274.187 2.1653
274.373 1.40826
274.559 1.41278
274.746 1.41728
274.932 1.42178
275.118 2.14694
275.304 0.718196
275.491 2.14008
275.677 1.44016
275.863 2.82155
276.049 2.12983
276.236 2.12635
276.422 1.4606
276.608 1.4663
276.794 0.829194
276.981 1.47867
277.167 2.72996
277.353 1.49253
277.539 2.09952
277.725 -0.253634
277.912 2.66555
278.098 2.64801
278.284 2.08232
278.47 2.61151
278.657 2.07359
278.843 1.56501
279.029 2.06501
279.215 2.53466
279.402 2.51508
279.588 2.4955
279.774 2.47597
279.96 2.04533
280.147 1.2508
280.333 2.03846
280.519 1.30686
280.705 2.03224
280.892 2.02937
281.078 1.70873
281.264 2.02411
289.273 -0.964182
289.459 0.145449
289.645 2.38181
289.831 2.38541
290.018 1.25861
290.204 0.118783
290.39 3.54801
290.576 -3.37218
290.762 3.5858
290.949 1.24782
291.135 1.24499
291.321 1.24204
291.507 1.23907
291.694 -0.0163007
291.88 3.78381
292.066 2.53073
292.252 2.55486
292.439 1.22796
292.625 -0.153881
292.811 -3.00327
292.997 1.22885
293.184 4.16839
293.37 2.73101
293.556 2.76205
293.742 2.79215
293.929 2.82066
294.115 -8.32933
294.301 -3.59208
294.487 -0.372795
294.674 -0.382028
294.86 2.91791
295.046 -0.392373
295.232 4.58704
295.419 -2.04984
295.605 -2.03956
295.791 1.26162
295.977 1.25813
296.164 2.86682
296.35 -0.343819
296.536 4.38814
296.722 1.24074
296.909 1.23674
297.095 -3.24873
297.281 4.16204
297.467 2.66561
297.653 1.22765
297.84 3.98642
298.026 3.93131
298.212 2.55412
298.398 2.53047
298.585 2.50882
298.771 2.48919
298.957 1.23892
299.143 0.0277433
345.89 1.29794
346.077 2.13548
346.263 2.10694
346.449 3.25192
346.635 2.52074
346.822 2.36805
347.008 2.00972
347.194 1.95033
347.38 2.11151
347.567 2.29407
347.753 0.716889
347.939 0.866371
348.125 1.38526
348.312 3.25404
348.498 3.55189
348.684 1.22953
348.87 4.21035
349.057 2.91536
349.243 1.32254
349.429 5.31742
349.615 -4.77606
349.802 6.09111
349.988 -9.97106
350.174 -12.8433
350.36 -3.04787
350.546 -0.42274
350.733 -5.82254
350.919 -11.4966
351.105 -11.6617
351.291 -11.7886
351.478 -8.94076
351.664 -20.8249
351.85 -8.99412
352.036 -0.0780427
352.223 -8.97178
352.409 -8.93156
352.595 -3.07435
352.781 -5.93436
352.968 -3.09001
353.154 5.07464
353.34 -3.07304
353.526 2.05367
353.713 4.3471
353.899 6.42143
354.085 1.61954
354.271 3.57859
354.458 5.27752
354.644 4.9029
354.83 4.53895
355.016 4.1892
355.203 3.8566
355.389 2.39954
355.575 1.30765
576.087 0.650396
576.273 0.655771
576.459 0.661898
576.645 5.05025
576.832 0.676682
577.018 0.685477
577.204 0.695296
577.39 0.706201
577.577 2.76642
577.763 2.74314
577.949 0.74595
578.135 0.76167
578.322 0.778659
578.508 2.63722
578.694 0.816417
578.88 0.837128
579.067 0.858989
579.253 2.51952
579.439 0.905822
579.625 0.930568
579.812 5.3848
579.998 0.981991
580.184 1.00831
580.37 2.3527
580.557 1.06116
580.743 3.52529
580.929 1.11273
581.115 2.26618
581.302 2.24868
581.488 2.23292
581.674 1.20415
581.86 2.2066
582.047 2.19602
582.233 1.25484
582.419 1.26721
582.605 1.27705
582.792 3.05617
582.978 3.04679
583.164 1.29033
583.35 1.28917
583.536 1.28522
583.723 1.27853
583.909 2.17874
584.095 2.18567
584.281 2.19424
584.468 1.2265
584.654 1.20798
584.84 1.18766
585.026 2.24531
585.213 1.14252
585.399 1.11819
585.585 3.5098
585.771 1.06728
602.161 3.38732
602.347 0.510861
602.533 0.564441
602.72 0.624907
602.906 2.81311
603.092 0.768676
603.278 0.853028
603.464 2.44294
603.651 2.33959
603.837 1.16146
604.023 1.28391
604.209 2.10639
604.396 2.05707
604.582 1.71266
604.768 2.00402
604.954 2.00059
605.141 2.23095
605.327 1.27383
605.513 2.6201
605.699 2.13436
605.886 0.531626
606.072 1.30774
606.258 1.26617
606.444 1.2403
606.631 1.22854
606.817 2.67523
607.003 4.33244
607.189 -8.56942
607.376 -2.15866
607.562 -4.08102
607.748 1.35411
607.934 -2.47182
608.121 -0.559011
608.307 1.45941
608.493 -4.71797
608.679 -4.78392
608.866 -2.70982
609.052 -4.86332
609.238 1.55463
609.424 3.69741
609.61 -4.85865
609.797 -0.587098
609.983 -4.77293
610.169 -0.578394
610.355 5.49968
610.542 5.37116
610.728 3.3047
610.914 3.20622
611.1 4.88959
611.287 4.70296
611.473 4.50645
611.659 2.77015
611.845 1.22845
654.123 6.18471
654.309 0.483214
654.495 0.486268
654.681 0.489708
654.868 0.493565
655.054 0.497868
655.24 0.502648
655.426 0.507932
655.613 3.22754
655.799 3.20837
655.985 0.529389
656.171 3.1657
656.357 0.546111
656.544 0.555518
656.73 0.56564
656.916 0.576483
657.102 3.03624
657.289 3.0072
657.475 0.613289
657.661 0.62693
657.847 0.641211
658.034 0.656093
658.22 0.671527
658.406 0.687456
658.592 0.703817
658.779 0.720539
658.965 0.737542
659.151 0.754745
659.337 2.67575
659.524 0.789386
659.71 0.806635
659.896 0.823707
660.082 0.840502
660.269 2.55203
660.455 0.872868
660.641 0.888247
660.827 4.08384
661.014 0.916938
661.2 2.46134
661.386 2.44743
661.572 2.43493
661.759 0.963814
661.945 2.41409
662.131 0.98095
662.317 0.987772
662.504 3.79252
662.69 0.997765
662.876 1.0009
663.062 2.38353
663.248 2.38291
663.435 1.00276
663.621 1.00089
663.807 0.997798
663.993 3.79213
664.18 2.39837
664.366 2.40515
664.552 2.41316
664.738 0.965135
664.925 0.95545
665.111 2.44462
665.297 0.933345
665.483 0.921049
665.67 4.06659
665.856 0.894305
666.042 0.880001
666.228 0.865175
666.415 0.849905
666.601 2.58296
666.787 0.81835
666.973 0.802225
667.16 0.785974
667.346 2.67954
667.532 0.753408
667.718 0.737244
1163.5 0.754727
1163.68 0.755544
1163.87 0.75644
1164.06 2.69939
1164.24 2.69764
1164.43 0.759647
1164.61 0.760906
1164.8 2.69148
1164.99 2.6891
1165.17 0.765314
1165.36 0.767008
1165.55 2.68091
1165.73 0.770755
1165.92 0.772813
1166.1 0.774996
1166.29 0.777306
1166.48 0.779743
1166.66 2.65962
1166.85 2.65545
1167.04 6.37772
1167.22 0.790733
1167.41 0.793777
1167.59 0.79693
1167.78 0.800185
1167.97 4.45106
1168.15 0.806971
1168.34 0.810482
1168.53 0.814058
1168.71 0.817686
1168.9 2.60125
1169.08 0.825045
1169.27 0.828747
1169.46 0.832443
1169.64 2.58039
1169.83 0.83975
1170.02 0.843326
1170.2 0.846827
1170.39 0.850234
1170.57 0.853531
1170.76 0.856698
1170.95 0.859718
1171.13 2.54454
1171.32 2.54102
1171.51 0.867728
1171.69 0.869995
1171.88 0.872038
1172.06 0.873843
1172.25 4.18029
1172.44 0.876698
1172.62 0.877729
1172.81 0.878488
1173 0.87897
1173.18 5.81071
1173.37 2.52312
1322.18 0.0217363
1322.36 0.0217363
1322.55 0.0504948
1322.73 0.0535618
1322.92 0.0568877
1323.11 0.0604861
1323.29 0.0643701
1323.48 0.0685528
1323.67 0.0730464
1323.85 0.0778628
1324.04 0.0830127
1324.22 0.0885059
1324.41 0.0943513
1324.6 0.100556
1324.78 0.107126
1324.97 0.114065
1325.16 0.121376
1325.34 0.129059
1325.53 5.49732
1325.71 0.14553
1325.9 0.154307
1326.09 0.163434
1326.27 0.172898
1326.46 0.182684
1326.65 0.192774
1326.83 0.203149
1327.02 0.213783
1327.2 4.59736
1327.39 0.235723
1327.58 0.246967
1327.76 0.258348
1327.95 0.269827
1328.14 0.281366
1328.32 0.292922
1328.51 0.30445
1328.69 7.69774
1328.88 0.32724
1329.07 0.338405
1329.25 0.349352
1329.44 0.36003
1329.63 0.37039
1329.81 0.380382
1330 0.389958
1330.18 0.399069
1330.37 3.58857
1330.56 0.415713
1330.74 0.42316
1330.93 0.429969
1331.12 0.436105
1331.3 0.441534
1331.49 3.44638
1331.67 0.450155
1331.86 0.453299
1449.94 0.0697815
1450.13 0.0697815
1450.31 0.0697815
1450.5 0.0697815
1450.68 0.0697815
1450.87 2.68008
1451.06 0.837229
1451.24 0.910217
1451.43 0.988521
1451.62 1.07235
1451.8 2.24809
1451.99 1.25733
1452.17 1.35884
1452.36 1.46656
1452.55 1.58061
1452.73 1.70109
1452.92 1.82808
1453.1 1.96163
1453.29 2.10173
1453.48 2.24837
1453.66 2.0356
1453.85 2.56098
1454.04 2.7267
1454.22 2.89847
1454.41 3.07607
1454.59 3.2592
1454.78 3.44755
1454.97 2.44267
1455.15 3.8384
1455.34 2.63381
1455.53 2.73985
1455.71 -1.95049
1455.9 -0.416165
1456.08 3.09321
1456.27 -4.24957
1456.46 3.35175
1456.64 -4.62754
1456.83 -2.6888
1457.02 1.58413
1457.2 1.65385
1457.39 -2.89103
1457.57 -5.3094
1457.76 -15.1214
1457.95 -10.4604
1458.13 -0.501331
1458.32 -10.8024
1458.51 -10.9498
1458.69 -11.0826
1458.88 5.02963
1459.06 -0.350035
1459.25 -8.62998
1459.44 -8.68371
1459.62 2.55335
2598.69 0.000161643
2598.87 0.000161643
2599.06 0.000161643
2599.24 0.000161643
2599.43 0.000161643
2599.62 0.000161643
2599.8 0.000161643
2599.99 0.000161643
2600.18 0.000161643
2600.36 0.000161643
2600.55 0.000161643
2600.73 0.000161643
2600.92 0.000161643
2601.11 0.000161643
2601.29 0.000161643
2601.48 0.000161643
2601.67 0.000161643
2601.85 0.000161643
2602.04 0.000161643
2602.22 0.000161643
2602.41 0.000161643
2602.6 0.000161643
2602.78 0.000161643
2602.97 0.000161643
2603.16 0.000161643
2603.34 0.000161643
2603.53 0.000161643
2603.71 0.000161643
2603.9 0.000161643
2604.09 0.000161643
2604.27 0.000161643
2604.46 0.000161643
2604.65 0.411484
2604.83 0.433273
2605.02 0.455766
2605.2 0.478953
2605.39 0.502823
2605.58 0.52736
2605.76 3.12527
2605.95 3.05975
2606.14 0.604799
2606.32 0.631811
2606.51 0.659379
2606.69 0.687471
2606.88 0.716052
2607.07 2.71989
2607.25 0.774533
2607.44 0.804349
2607.63 2.58265
2607.81 2.54147
2608 0.895548
2608.18 0.926362
2608.37 3.90447
